55300.050417 55300.945220 0.657735 0.040031
55301.001852 55301.960613 0.504757 0.028690
55302.016227 55302.024039 0.307036 0.064262
55309.659491 55309.857836 0.226194 0.015800
55310.612454 55310.873461 0.229287 0.015321
55311.629213 55311.826933 0.242154 0.017950
55312.582384 55312.904826 0.253427 0.016232
55313.535301 55313.857465 0.235445 0.014758
55314.551829 55314.873692 0.245225 0.015646
55315.504815 55315.826470 0.323594 0.017795
55316.521343 55316.842558 0.260899 0.016577
55317.474398 55317.858183 0.276536 0.016114
55318.490509 55318.811424 0.327590 0.021729
55321.412917 55321.670301 0.309844 0.020626
55322.429294 55322.989977 0.293085 0.014052
55323.050729 55323.942726 0.287814 0.010063
55324.003299 55324.959010 0.278239 0.008887
55325.019508 55325.975318 0.249309 0.008594
55326.035932 55326.991580 0.260882 0.009372
55327.052928 55327.944404 0.209750 0.008358
55328.005023 55328.960666 0.228298 0.008493
55329.021534 55329.976997 0.195723 0.007462
55330.038113 55330.993345 0.235992 0.008014
55331.308200 55331.946105 0.185821 0.008375
55332.006916 55332.581597 0.147302 0.009609
55333.289097 55333.418252 0.147595 0.024503
55334.241991 55334.640938 0.182897 0.020661
55335.527807 55335.593704 0.147275 0.021576
55336.543953 55336.673692 0.147623 0.018753
55337.560087 55337.689850 0.133773 0.016013
55338.513003 55338.706244 0.154637 0.015048
55339.529155 55339.596429 0.131317 0.018408
55342.297593 55342.299497 0.147472 0.043919
55345.661858 55345.982031 0.184150 0.020057
55346.042812 55346.997876 0.158643 0.009409
55347.058513 55347.631973 0.141448 0.009148
55348.010752 55348.965995 0.160269 0.009744
55349.026325 55349.981435 0.143985 0.011415
55350.042049 55350.997002 0.133140 0.011205
55351.057604 55351.949034 0.128779 0.013308
55352.009635 55352.139253 0.150756 0.017227
55353.916736 55353.983200 0.141233 0.020675
55354.870336 55354.996904 0.168187 0.021969
55355.057627 55355.954491 0.151445 0.018461
55356.015150 55356.971690 0.144127 0.017528
55357.175671 55357.926186 0.137763 0.016645
55358.192928 55358.879907 0.144670 0.022334
55359.146644 55359.897147 0.161776 0.024331
55360.101146 55360.850833 0.160746 0.020561
55361.117697 55361.184502 0.129681 0.022988
55362.135104 55362.201979 0.161983 0.030099
55364.812222 55364.814861 0.082895 0.037558
55365.059352 55365.126979 0.194552 0.034435
55366.013056 55366.080775 0.134268 0.030339
55367.030231 55367.987350 0.120358 0.020890
55368.048032 55368.051910 0.158493 0.037714
55369.000926 55369.958414 0.119524 0.019671
55375.909082 55375.910667 0.164128 0.051309
55379.593866 55379.603785 0.122584 0.040178
55381.564676 55381.690590 0.159183 0.026200
55383.535903 55383.922072 0.133149 0.015539
55384.362593 55384.875567 0.170827 0.013584
55385.316435 55385.892465 0.147987 0.013623
55386.333704 55386.845822 0.141759 0.013625
55387.287407 55387.862720 0.132806 0.013073
55388.304792 55388.626007 0.134746 0.016782
55389.258426 55389.452882 0.128038 0.021179
55391.420185 55391.487176 0.188454 0.039576
55392.246701 55392.871256 0.120341 0.017803
55393.200347 55393.825174 0.147737 0.010260
55394.218333 55394.843102 0.127292 0.009967
55395.172801 55395.861071 0.163763 0.009174
55396.190880 55396.815353 0.140879 0.008882
55397.145301 55397.833397 0.145310 0.008677
55398.163426 55398.851476 0.143075 0.008695
55399.167280 55399.805874 0.137547 0.009123
55400.121910 55400.823941 0.128072 0.008711
55401.076539 55401.841979 0.134417 0.008960
55402.093715 55402.860023 0.147645 0.009312
55403.048154 55403.814508 0.132250 0.009212
55404.002720 55404.959890 0.147040 0.009393
55405.020816 55405.977980 0.144474 0.009006
55406.038924 55406.996134 0.135809 0.009228
55407.057066 55407.823368 0.165710 0.012881
55416.601291 55416.985775 0.151791 0.018872
55417.046678 55417.940052 0.139486 0.012688
55418.000938 55418.957963 0.142472 0.011718
55419.018808 55419.975804 0.147095 0.011968
55420.036684 55420.993617 0.124581 0.015637
55421.754219 55421.947801 0.128686 0.017320
55422.708328 55422.964954 0.136516 0.016686
55423.726047 55423.919259 0.118744 0.017687
55424.680237 55424.873600 0.144059 0.019430
55425.697720 55425.827222 0.116187 0.018220
55426.715307 55426.781481 0.178695 0.028751
55427.669676 55427.736250 0.097163 0.025285
55428.003333 55428.959826 0.140714 0.023872
55429.705613 55429.977824 0.106168 0.025782
55430.659902 55430.995764 0.146931 0.029746
55431.946748 55431.950069 0.116733 0.035846
55432.011100 55432.013634 0.180470 0.041820
55434.872477 55434.940012 0.138611 0.031934
55435.827176 55435.894155 0.106901 0.032878
55436.843981 55436.911887 0.168704 0.037503
55437.797894 55437.865799 0.122783 0.032450
55438.815486 55438.883553 0.076720 0.036345
55439.769421 55439.773229 0.161565 0.046432
55451.382905 55451.516944 0.166509 0.023019
55452.210428 55452.534190 0.191837 0.017625
55453.164560 55453.741597 0.166657 0.013065
55454.182292 55454.695509 0.192605 0.014842
55455.136701 55455.713218 0.172415 0.014387
55456.154780 55456.667384 0.166533 0.014067
55457.109271 55457.685093 0.167074 0.014394
55458.127373 55458.575613 0.182288 0.018389
55459.081759 55459.403056 0.146366 0.018076
55462.072269 55462.266555 0.165258 0.020898
55463.026736 55463.651435 0.149046 0.011669
55464.044753 55464.605521 0.159718 0.012515
55464.998665 55465.623374 0.166641 0.010920
55466.016636 55466.973924 0.153077 0.010085
55467.034591 55467.991825 0.137410 0.009233
55468.038461 55468.994936 0.140211 0.009637
55469.006767 55469.963376 0.134701 0.009885
55470.009977 55470.981547 0.143183 0.009557
55471.027824 55471.999016 0.142789 0.009679
55472.045729 55472.939126 0.132675 0.010160
55472.999983 55473.956973 0.154942 0.010024
55474.017836 55474.974832 0.158858 0.010747
55475.035770 55475.992731 0.125255 0.009711
55476.053628 55476.946887 0.133758 0.009873
55477.007946 55477.964826 0.142290 0.010980
55478.025747 55478.219294 0.117115 0.023444
55482.287685 55482.353854 0.124041 0.032804
55486.613281 55486.997662 0.161259 0.018827
55487.058484 55487.951667 0.138051 0.013150
55488.012512 55488.968900 0.118960 0.012254
55489.030110 55489.922384 0.113789 0.014566
55490.047703 55490.876528 0.141766 0.016647
55491.574248 55491.767865 0.154425 0.020850
55492.528287 55492.784971 0.125264 0.018687
55493.545851 55493.739144 0.149294 0.020256
55494.500058 55494.629821 0.119698 0.022791
55495.518009 55495.646879 0.102247 0.039640
55496.471400 55496.601204 0.128623 0.029500
55497.488889 55497.824456 0.133633 0.035272
55498.506377 55498.778356 0.168665 0.040873
55499.523785 55499.795181 0.177186 0.040417
55500.477245 55500.749055 0.213600 0.040265
55501.763526 55501.830135 0.109653 0.031934
55502.717014 55502.783893 0.229328 0.047664
55505.704444 55505.771829 0.106467 0.035526
55506.657685 55506.725278 0.166196 0.042384
55507.611725 55507.678738 0.184023 0.035062
55508.627836 55508.695671 0.129514 0.032579
55509.581053 55509.648981 0.181975 0.038650
55510.597720 55510.602153 0.119585 0.050480
55520.104630 55520.241458 0.156408 0.035775
55521.058102 55521.257315 0.173310 0.023701
55522.011609 55522.335440 0.157178 0.020365
55523.028634 55523.988553 0.114845 0.016443
55524.045579 55524.304896 0.134373 0.023458
55525.125833 55525.957662 0.145964 0.024693
55526.016169 55526.021285 0.075505 0.044956
55527.414826 55527.991157 0.169751 0.028139
55528.050394 55528.944363 0.188222 0.024578
55529.003866 55529.961238 0.131769 0.020158
55530.020949 55530.088299 0.210841 0.040134
55531.991497 55531.994934 0.296504 0.141917
55532.055046 55532.948345 0.111840 0.028444
55533.008557 55533.965181 0.136168 0.019099
55534.011505 55534.982072 0.127973 0.012974
55535.028079 55535.998329 0.132227 0.012015
55536.045185 55537.001262 0.113616 0.013236
55537.061939 55537.954439 0.132311 0.013340
55538.015197 55538.971389 0.113792 0.013116
55539.032147 55539.988183 0.135305 0.014002
55540.048976 55540.941481 0.111226 0.014080
55541.002350 55541.958194 0.128360 0.014168
55542.019323 55542.975220 0.112845 0.014031
55543.036395 55543.992049 0.110843 0.017198
55544.052894 55544.945162 0.139019 0.023653
55545.006262 55545.962199 0.122524 0.022156
55546.023032 55546.978796 0.130530 0.023266
55547.039873 55547.868565 0.043022 0.027318
55556.702454 55556.959630 0.178489 0.045249
55557.020457 55557.977170 0.097630 0.025591
55558.038003 55558.993953 0.101514 0.026994
55559.055602 55559.947905 0.105001 0.027501
55560.391030 55560.711209 0.122167 0.035559
55561.344873 55561.602020 0.030304 0.039720
55562.362251 55562.555828 0.046772 0.050245
55563.316024 55563.572535 0.188636 0.049121
55564.333293 55564.526470 0.147369 0.056713
55565.286956 55565.480405 0.054914 0.051380
55566.304172 55566.434232 0.397181 0.092320
55567.321381 55567.387581 0.176633 0.070360
55568.274954 55568.610359 0.274882 0.069808
55569.292014 55569.627373 0.122529 0.075984
55570.308989 55570.580945 0.087906 0.077332
55571.262400 55571.597936 0.169583 0.062150
55572.548086 55572.614850 0.049551 0.065246
55575.471690 55575.539028 -0.017197 -0.059535
55576.488889 55576.556343 0.357060 0.116887
55577.442361 55577.510104 0.140711 0.078872
55578.459479 55578.527546 0.121387 0.085120
55579.413056 55579.481123 0.277210 0.113782
55580.430301 55580.434687 0.245117 0.095812
55591.025417 55591.094525 0.143265 0.111617
55596.808889 55596.940937 0.265678 0.139217
55596.999618 55597.957847 0.530479 0.131890
55598.016979 55598.974745 0.294464 0.121725
55599.034144 55599.990590 0.670112 0.184618
55601.119190 55601.820752 0.649198 0.366597
55602.658017 55602.915251 1.082882 0.440386
55603.675394 55603.869302 1.442103 0.752443
55604.106343 55604.999225 1.341588 0.369718
55605.059707 55605.952774 0.957173 0.347502
55606.013302 55606.969981 1.169179 0.385809
55607.030563 55607.987110 0.519713 0.282191
55608.047801 55608.940760 4.204971 3.273213
55609.001466 55609.957921 1.852521 0.771796
55610.018711 55610.974742 5.273690 6.621968
55611.035494 55611.991979 2.604559 3.016879
55612.052755 55612.945590 0.277616 0.498006
55613.006327 55613.962743 2.494857 2.343509
55614.023588 55614.979988 2.283900 12.286207
55615.040810 55615.997172 1.189047 6.721445
55616.058056 55616.950914 14.709860 211.672366
55617.011759 55617.968221 1.589482 6.192099
55618.029066 55618.950116 3.132379 7.956826
55619.773958 55619.967384 0.427954 0.913506
