55300.050417 55300.945220 0.865380 0.034268
55301.001852 55301.960613 1.092492 0.036313
55302.016227 55302.024039 1.432993 0.134710
55309.659491 55309.857836 1.831971 0.056600
55310.612454 55310.873461 1.788401 0.053324
55311.629213 55311.826933 1.757466 0.060510
55312.582384 55312.904826 1.821612 0.056488
55313.535301 55313.857465 1.784586 0.052039
55314.551829 55314.873692 1.750776 0.052567
55315.504815 55315.826470 1.814502 0.054491
55316.521343 55316.842558 1.774971 0.055139
55317.474398 55317.858183 1.817765 0.053403
55318.490509 55318.811424 1.493607 0.053258
55321.412917 55321.670301 1.755858 0.062140
55322.429294 55322.989977 1.688055 0.043198
55323.050729 55323.942726 1.647977 0.030734
55324.003299 55324.959010 1.603200 0.026930
55325.019508 55325.975318 1.586362 0.027535
55326.035932 55326.991580 1.528996 0.028189
55327.052928 55327.944404 1.475394 0.026685
55328.005023 55328.960666 1.450829 0.026177
55329.021534 55329.976997 1.407470 0.024859
55330.038113 55330.993345 1.430297 0.024754
55331.308200 55331.946105 1.325202 0.026753
55332.006916 55332.581597 1.349372 0.034227
55333.289097 55333.418252 1.538434 0.095015
55334.241991 55334.640938 1.333675 0.064216
55335.527807 55335.593704 1.316606 0.074404
55336.543953 55336.673692 1.229468 0.058884
55337.560087 55337.689850 1.428450 0.062554
55338.513003 55338.706244 1.289592 0.051611
55339.529155 55339.596429 1.388170 0.073409
55342.297593 55342.299497 1.066144 0.122485
55345.661858 55345.982031 1.160624 0.053269
55346.042812 55346.997876 1.199457 0.026668
55347.058513 55347.631973 1.242182 0.028099
55348.010752 55348.965995 1.271462 0.029994
55349.026325 55349.981435 1.299736 0.037060
55350.042049 55350.997002 1.295452 0.037576
55351.057604 55351.949034 1.281618 0.043932
55352.009635 55352.139253 1.153465 0.047115
55353.916736 55353.983200 1.120690 0.057260
55354.870336 55354.996904 0.927223 0.047391
55355.057627 55355.954491 1.034792 0.044526
55356.015150 55356.971690 1.187264 0.049175
55357.175671 55357.926186 1.306027 0.053046
55358.192928 55358.879907 1.220593 0.065061
55359.146644 55359.897147 1.178998 0.064577
55360.101146 55360.850833 1.275854 0.060117
55361.117697 55361.184502 1.228518 0.074119
55362.135104 55362.201979 1.279336 0.092965
55364.812222 55364.814861 1.352074 0.153716
55365.059352 55365.126979 1.148198 0.082610
55366.013056 55366.080775 1.148738 0.079776
55367.030231 55367.987350 1.319250 0.068627
55368.048032 55368.051910 1.285273 0.113565
55369.000926 55369.958414 1.288069 0.064080
55375.909082 55375.910667 1.074110 0.131215
55379.593866 55379.603785 1.174420 0.092088
55381.564676 55381.690590 1.107849 0.067348
55383.535903 55383.922072 1.177777 0.039702
55384.362593 55384.875567 1.279758 0.037426
55385.316435 55385.892465 1.177258 0.034700
55386.333704 55386.845822 1.256316 0.038847
55387.287407 55387.862720 1.253462 0.037515
55388.304792 55388.626007 1.280650 0.050074
55389.258426 55389.452882 1.251628 0.061431
55391.420185 55391.487176 1.081387 0.085298
55392.246701 55392.871256 1.041023 0.042304
55393.200347 55393.825174 1.138629 0.025885
55394.218333 55394.843102 1.098480 0.025096
55395.172801 55395.861071 1.110973 0.022495
55396.190880 55396.815353 1.144821 0.023867
55397.145301 55397.833397 1.127900 0.022758
55398.163426 55398.851476 1.113555 0.022625
55399.167280 55399.805874 1.045951 0.022452
55400.121910 55400.823941 1.079243 0.022547
55401.076539 55401.841979 1.050961 0.022049
55402.093715 55402.860023 1.044141 0.022394
55403.048154 55403.814508 1.038627 0.022298
55404.002720 55404.959890 0.995829 0.020973
55405.020816 55405.977980 1.021461 0.020797
55406.038924 55406.996134 1.003376 0.020395
55407.057066 55407.823368 0.957909 0.027745
55416.601291 55416.985775 1.026175 0.045405
55417.046678 55417.940052 0.967807 0.026145
55418.000938 55418.957963 0.934834 0.023048
55419.018808 55419.975804 1.020721 0.026103
55420.036684 55420.993617 0.934969 0.032085
55421.754219 55421.947801 1.013564 0.039971
55422.708328 55422.964954 0.961735 0.034569
55423.726047 55423.919259 0.989092 0.039228
55424.680237 55424.873600 0.903613 0.037095
55425.697720 55425.827222 1.073692 0.046338
55426.715307 55426.781481 0.925082 0.054742
55427.669676 55427.736250 0.911724 0.052117
55428.003333 55428.959826 0.978369 0.048398
55429.705613 55429.977824 1.087329 0.061853
55430.659902 55430.995764 1.034952 0.063782
55431.946748 55431.950069 1.245481 0.105045
55432.011100 55432.013634 1.180093 0.101577
55434.872477 55434.940012 1.140532 0.082740
55435.827176 55435.894155 1.131325 0.081080
55436.843981 55436.911887 0.984823 0.075234
55437.797894 55437.865799 1.086354 0.075544
55438.815486 55438.883553 0.861371 0.067577
55439.769421 55439.773229 1.087942 0.104946
55451.382905 55451.516944 0.776590 0.035299
55452.210428 55452.534190 0.754377 0.025462
55453.164560 55453.741597 0.862199 0.023079
55454.182292 55454.695509 0.775607 0.022571
55455.136701 55455.713218 0.738041 0.021099
55456.154780 55456.667384 0.815110 0.023851
55457.109271 55457.685093 0.831336 0.024950
55458.127373 55458.575613 0.799151 0.029734
55459.081759 55459.403056 0.785942 0.030643
55462.072269 55462.266555 0.845038 0.036237
55463.026736 55463.651435 0.965431 0.024052
55464.044753 55464.605521 0.931273 0.024543
55464.998665 55465.623374 0.905690 0.020667
55466.016636 55466.973924 0.930644 0.020126
55467.034591 55467.991825 0.993160 0.020748
55468.038461 55468.994936 0.957974 0.020939
55469.006767 55469.963376 0.942898 0.021160
55470.009977 55470.981547 0.931343 0.019937
55471.027824 55471.999016 0.961306 0.021238
55472.045729 55472.939126 0.938328 0.022002
55472.999983 55473.956973 0.929194 0.020435
55474.017836 55474.974832 0.862124 0.019953
55475.035770 55475.992731 0.932300 0.020519
55476.053628 55476.946887 0.939419 0.020667
55477.007946 55477.964826 0.892341 0.021693
55478.025747 55478.219294 0.815405 0.044834
55482.287685 55482.353854 1.024409 0.083578
55486.613281 55486.997662 0.843819 0.034464
55487.058484 55487.951667 0.858019 0.023515
55488.012512 55488.968900 0.848982 0.021845
55489.030110 55489.922384 0.848365 0.025717
55490.047703 55490.876528 0.862139 0.030571
55491.574248 55491.767865 0.870609 0.037593
55492.528287 55492.784971 0.819298 0.032393
55493.545851 55493.739144 0.865909 0.036628
55494.500058 55494.629821 0.850014 0.042940
55495.518009 55495.646879 0.650892 0.055010
55496.471400 55496.601204 0.846242 0.058712
55497.488889 55497.824456 0.783075 0.058985
55498.506377 55498.778356 0.733764 0.062695
55499.523785 55499.795181 0.741459 0.060987
55500.477245 55500.749055 0.675357 0.053002
55501.763526 55501.830135 0.808624 0.054987
55502.717014 55502.783893 0.675450 0.058912
55505.704444 55505.771829 0.736262 0.057705
55506.657685 55506.725278 0.571834 0.045575
55507.611725 55507.678738 0.816058 0.057926
55508.627836 55508.695671 0.790229 0.055529
55509.581053 55509.648981 0.717427 0.052724
55510.597720 55510.602153 0.593908 0.059265
55520.104630 55520.241458 0.512128 0.031261
55521.058102 55521.257315 0.624493 0.027138
55522.011609 55522.335440 0.599845 0.022380
55523.028634 55523.988553 0.654015 0.022154
55524.045579 55524.304896 0.534859 0.024639
55525.125833 55525.957662 0.611650 0.029483
55526.016169 55526.021285 0.595267 0.060567
55527.414826 55527.991157 0.609839 0.035468
55528.050394 55528.944363 0.555790 0.027747
55529.003866 55529.961238 0.588371 0.026862
55530.020949 55530.088299 0.667087 0.054696
55531.991497 55531.994934 0.331216 0.083452
55532.055046 55532.948345 0.586050 0.036977
55533.008557 55533.965181 0.590782 0.023996
55534.011505 55534.982072 0.658746 0.019093
55535.028079 55535.998329 0.630578 0.016600
55536.045185 55537.001262 0.574808 0.016865
55537.061939 55537.954439 0.608940 0.018398
55538.015197 55538.971389 0.560948 0.017224
55539.032147 55539.988183 0.520358 0.016007
55540.048976 55540.941481 0.532002 0.017701
55541.002350 55541.958194 0.504326 0.016478
55542.019323 55542.975220 0.501179 0.016406
55543.036395 55543.992049 0.509162 0.020711
55544.052894 55544.945162 0.482882 0.024690
55545.006262 55545.962199 0.485868 0.023864
55546.023032 55546.978796 0.476406 0.023370
55547.039873 55547.868565 0.486185 0.028065
55556.702454 55556.959630 0.361195 0.031530
55557.020457 55557.977170 0.358955 0.015928
55558.038003 55558.993953 0.366130 0.017134
55559.055602 55559.947905 0.372806 0.017732
55560.391030 55560.711209 0.359500 0.022703
55561.344873 55561.602020 0.335072 0.024331
55562.362251 55562.555828 0.294289 0.025634
55563.316024 55563.572535 0.290955 0.022575
55564.333293 55564.526470 0.279690 0.024777
55565.286956 55565.480405 0.281601 0.024487
55566.304172 55566.434232 0.239033 0.027775
55567.321381 55567.387581 0.353368 0.040024
55568.274954 55568.610359 0.279134 0.026655
55569.292014 55569.627373 0.305943 0.035164
55570.308989 55570.580945 0.293267 0.034775
55571.262400 55571.597936 0.321324 0.030554
55572.548086 55572.614850 0.346225 0.037818
55575.471690 55575.539028 0.316753 0.037115
55576.488889 55576.556343 0.210896 0.031995
55577.442361 55577.510104 0.270000 0.033346
55578.459479 55578.527546 0.228684 0.031913
55579.413056 55579.481123 0.216719 0.032307
55580.430301 55580.434687 0.303911 0.044598
55591.025417 55591.094525 0.174584 0.024210
55596.808889 55596.940937 0.114432 0.017193
55596.999618 55597.957847 0.098697 0.012440
55598.016979 55598.974745 0.095905 0.013348
55599.034144 55599.990590 0.077936 0.012283
55601.119190 55601.820752 0.070390 0.023959
55602.658017 55602.915251 0.041578 0.011547
55603.675394 55603.869302 0.024305 0.009692
55604.106343 55604.999225 0.034391 0.007062
55605.059707 55605.952774 0.031678 0.007171
55606.013302 55606.969981 0.029241 0.006754
55607.030563 55607.987110 0.029790 0.006542
55608.047801 55608.940760 0.008322 0.006184
55609.001466 55609.957921 0.019267 0.006653
55610.018711 55610.974742 0.005239 0.006402
55611.035494 55611.991979 0.006053 0.006238
55612.052755 55612.945590 0.017671 0.006964
55613.006327 55613.962743 0.008767 0.007387
55614.023588 55614.979988 -0.001428 0.006644
55615.040810 55615.997172 -0.001783 0.006796
55616.058056 55616.950914 0.000545 0.007804
55617.011759 55617.968221 0.002175 0.006468
55618.029066 55618.950116 -0.003119 0.007299
55619.773958 55619.967384 0.020043 0.013573
