55300.050417 55300.945220 0.569191 0.026307
55301.001852 55301.960613 0.551443 0.025425
55302.016227 55302.024039 0.439980 0.082276
55309.659491 55309.857836 0.414380 0.025959
55310.612454 55310.873461 0.410057 0.024520
55311.629213 55311.826933 0.425578 0.027937
55312.582384 55312.904826 0.461646 0.025873
55313.535301 55313.857465 0.420172 0.023314
55314.551829 55314.873692 0.429334 0.024170
55315.504815 55315.826470 0.587163 0.027049
55316.521343 55316.842558 0.463089 0.025668
55317.474398 55317.858183 0.502678 0.025297
55318.490509 55318.811424 0.489291 0.027366
55321.412917 55321.670301 0.544041 0.030673
55322.429294 55322.989977 0.494743 0.020060
55323.050729 55323.942726 0.474310 0.014028
55324.003299 55324.959010 0.446073 0.012118
55325.019508 55325.975318 0.395494 0.011780
55326.035932 55326.991580 0.398888 0.012299
55327.052928 55327.944404 0.309464 0.010988
55328.005023 55328.960666 0.331222 0.010776
55329.021534 55329.976997 0.275475 0.009307
55330.038113 55330.993345 0.337539 0.009862
55331.308200 55331.946105 0.246251 0.009923
55332.006916 55332.581597 0.198765 0.011946
55333.289097 55333.418252 0.227066 0.034990
55334.241991 55334.640938 0.243924 0.024927
55335.527807 55335.593704 0.193903 0.026209
55336.543953 55336.673692 0.181498 0.021355
55337.560087 55337.689850 0.191088 0.021288
55338.513003 55338.706244 0.199418 0.017689
55339.529155 55339.596429 0.182291 0.023665
55342.297593 55342.299497 0.157226 0.043199
55345.661858 55345.982031 0.213729 0.021111
55346.042812 55346.997876 0.190286 0.010463
55347.058513 55347.631973 0.175704 0.010645
55348.010752 55348.965995 0.203776 0.011418
55349.026325 55349.981435 0.187142 0.013844
55350.042049 55350.997002 0.172476 0.013626
55351.057604 55351.949034 0.165046 0.016090
55352.009635 55352.139253 0.173892 0.018558
55353.916736 55353.983200 0.158278 0.021713
55354.870336 55354.996904 0.155947 0.018746
55355.057627 55355.954491 0.156714 0.017874
55356.015150 55356.971690 0.171116 0.019566
55357.175671 55357.926186 0.179922 0.020474
55358.192928 55358.879907 0.176584 0.025584
55359.146644 55359.897147 0.190733 0.026716
55360.101146 55360.850833 0.205089 0.024389
55361.117697 55361.184502 0.159316 0.026555
55362.135104 55362.201979 0.207231 0.035440
55364.812222 55364.814861 0.112080 0.049156
55365.059352 55365.126979 0.223384 0.036124
55366.013056 55366.080775 0.154238 0.033165
55367.030231 55367.987350 0.158782 0.026292
55368.048032 55368.051910 0.203707 0.045007
55369.000926 55369.958414 0.153956 0.024152
55375.909082 55375.910667 0.176291 0.050729
55379.593866 55379.603785 0.143965 0.045816
55381.564676 55381.690590 0.176351 0.026973
55383.535903 55383.922072 0.156820 0.017521
55384.362593 55384.875567 0.218618 0.016166
55385.316435 55385.892465 0.174220 0.015193
55386.333704 55386.845822 0.178094 0.016207
55387.287407 55387.862720 0.166467 0.015611
55388.304792 55388.626007 0.172562 0.020405
55389.258426 55389.452882 0.160255 0.025314
55391.420185 55391.487176 0.203792 0.039663
55392.246701 55392.871256 0.125278 0.017821
55393.200347 55393.825174 0.168218 0.011039
55394.218333 55394.843102 0.139827 0.010472
55395.172801 55395.861071 0.181937 0.009503
55396.190880 55396.815353 0.161281 0.009597
55397.145301 55397.833397 0.163895 0.009211
55398.163426 55398.851476 0.159321 0.009126
55399.167280 55399.805874 0.143867 0.009028
55400.121910 55400.823941 0.138221 0.008947
55401.076539 55401.841979 0.141267 0.008938
55402.093715 55402.860023 0.154162 0.009143
55403.048154 55403.814508 0.137358 0.009102
55404.002720 55404.959890 0.146427 0.008830
55405.020816 55405.977980 0.147575 0.008695
55406.038924 55406.996134 0.136268 0.008836
55407.057066 55407.823368 0.158735 0.011450
55416.601291 55416.985775 0.155764 0.018098
55417.046678 55417.940052 0.134995 0.011725
55418.000938 55418.957963 0.133188 0.010451
55419.018808 55419.975804 0.150143 0.011597
55420.036684 55420.993617 0.116479 0.014063
55421.754219 55421.947801 0.130432 0.016785
55422.708328 55422.964954 0.131293 0.015338
55423.726047 55423.919259 0.117448 0.016862
55424.680237 55424.873600 0.130174 0.016725
55425.697720 55425.827222 0.124749 0.018807
55426.715307 55426.781481 0.165308 0.024733
55427.669676 55427.736250 0.088586 0.022490
55428.003333 55428.959826 0.137670 0.022341
55429.705613 55429.977824 0.115440 0.027254
55430.659902 55430.995764 0.152067 0.029325
55431.946748 55431.950069 0.145389 0.042929
55432.011100 55432.013634 0.212972 0.045821
55434.872477 55434.940012 0.158090 0.034569
55435.827176 55435.894155 0.120940 0.036172
55436.843981 55436.911887 0.166143 0.034685
55437.797894 55437.865799 0.133385 0.034010
55438.815486 55438.883553 0.066085 0.030874
55439.769421 55439.773229 0.175773 0.047584
55451.382905 55451.516944 0.129310 0.016882
55452.210428 55452.534190 0.144717 0.012366
55453.164560 55453.741597 0.143691 0.010588
55454.182292 55454.695509 0.149386 0.010659
55455.136701 55455.713218 0.127249 0.009975
55456.154780 55456.667384 0.135743 0.010756
55457.109271 55457.685093 0.138895 0.011217
55458.127373 55458.575613 0.145675 0.013660
55459.081759 55459.403056 0.115035 0.013480
55462.072269 55462.266555 0.139649 0.016613
55463.026736 55463.651435 0.143894 0.010680
55464.044753 55464.605521 0.148741 0.010976
55464.998665 55465.623374 0.150925 0.009271
55466.016636 55466.973924 0.142460 0.008865
55467.034591 55467.991825 0.136470 0.008715
55468.038461 55468.994936 0.134319 0.008753
55469.006767 55469.963376 0.127010 0.008874
55470.009977 55470.981547 0.133353 0.008431
55471.027824 55471.999016 0.137264 0.008796
55472.045729 55472.939126 0.124493 0.009076
55472.999983 55473.956973 0.143971 0.008760
55474.017836 55474.974832 0.136955 0.008706
55475.035770 55475.992731 0.116775 0.008681
55476.053628 55476.946887 0.125655 0.008854
55477.007946 55477.964826 0.126971 0.009299
55478.025747 55478.219294 0.095496 0.018381
55482.287685 55482.353854 0.127068 0.031966
55486.613281 55486.997662 0.136074 0.014883
55487.058484 55487.951667 0.118451 0.010806
55488.012512 55488.968900 0.100995 0.010074
55489.030110 55489.922384 0.096534 0.012005
55490.047703 55490.876528 0.122222 0.013682
55491.574248 55491.767865 0.134444 0.017199
55492.528287 55492.784971 0.102629 0.014762
55493.545851 55493.739144 0.129275 0.016665
55494.500058 55494.629821 0.101745 0.018678
55495.518009 55495.646879 0.066552 0.025181
55496.471400 55496.601204 0.108846 0.023795
55497.488889 55497.824456 0.104645 0.026472
55498.506377 55498.778356 0.123760 0.028065
55499.523785 55499.795181 0.131376 0.027951
55500.477245 55500.749055 0.144256 0.024725
55501.763526 55501.830135 0.088668 0.025109
55502.717014 55502.783893 0.154900 0.029223
55505.704444 55505.771829 0.078388 0.025425
55506.657685 55506.725278 0.095037 0.023022
55507.611725 55507.678738 0.150174 0.026553
55508.627836 55508.695671 0.102346 0.024720
55509.581053 55509.648981 0.130554 0.026015
55510.597720 55510.602153 0.071022 0.029131
55520.104630 55520.241458 0.080101 0.017657
55521.058102 55521.257315 0.108231 0.014034
55522.011609 55522.335440 0.094283 0.011698
55523.028634 55523.988553 0.075110 0.010448
55524.045579 55524.304896 0.071871 0.012102
55525.125833 55525.957662 0.089279 0.014477
55526.016169 55526.021285 0.044946 0.026367
55527.414826 55527.991157 0.103521 0.016070
55528.050394 55528.944363 0.104612 0.012622
55529.003866 55529.961238 0.077529 0.011320
55530.020949 55530.088299 0.140649 0.024161
55531.991497 55531.994934 0.098207 0.039965
55532.055046 55532.948345 0.065544 0.016149
55533.008557 55533.965181 0.080445 0.010800
55534.011505 55534.982072 0.084301 0.008190
55535.028079 55535.998329 0.083379 0.007251
55536.045185 55537.001262 0.065307 0.007363
55537.061939 55537.954439 0.080569 0.007750
55538.015197 55538.971389 0.063832 0.007091
55539.032147 55539.988183 0.070407 0.006957
55540.048976 55540.941481 0.059172 0.007228
55541.002350 55541.958194 0.064736 0.006825
55542.019323 55542.975220 0.056556 0.006784
55543.036395 55543.992049 0.056437 0.008451
55544.052894 55544.945162 0.067130 0.010894
55545.006262 55545.962199 0.059530 0.010360
55546.023032 55546.978796 0.062185 0.010656
55547.039873 55547.868565 0.020917 0.013226
55556.702454 55556.959630 0.064469 0.015344
55557.020457 55557.977170 0.035045 0.009053
55558.038003 55558.993953 0.037167 0.009729
55559.055602 55559.947905 0.039145 0.010082
55560.391030 55560.711209 0.043919 0.012479
55561.344873 55561.602020 0.010154 0.013289
55562.362251 55562.555828 0.013764 0.014738
55563.316024 55563.572535 0.054885 0.013643
55564.333293 55564.526470 0.041218 0.015436
55565.286956 55565.480405 0.015464 0.014406
55566.304172 55566.434232 0.094939 0.019112
55567.321381 55567.387581 0.062417 0.023837
55568.274954 55568.610359 0.076729 0.018056
55569.292014 55569.627373 0.037487 0.022844
55570.308989 55570.580945 0.025780 0.022472
55571.262400 55571.597936 0.054491 0.019286
55572.548086 55572.614850 0.017156 0.022512
55575.471690 55575.539028 -0.005447 0.018847
55576.488889 55576.556343 0.075302 0.021844
55577.442361 55577.510104 0.037992 0.020772
55578.459479 55578.527546 0.027759 0.019076
55579.413056 55579.481123 0.060077 0.022975
55580.430301 55580.434687 0.074494 0.026988
55591.025417 55591.094525 0.025012 0.019175
55596.808889 55596.940937 0.030402 0.015262
55596.999618 55597.957847 0.052356 0.011220
55598.016979 55598.974745 0.028240 0.010992
55599.034144 55599.990590 0.052226 0.011802
55601.119190 55601.820752 0.045697 0.020590
55602.658017 55602.915251 0.045024 0.013376
55603.675394 55603.869302 0.035050 0.011794
55604.106343 55604.999225 0.046138 0.008479
55605.059707 55605.952774 0.030321 0.008606
55606.013302 55606.969981 0.034188 0.008057
55607.030563 55607.987110 0.015482 0.007688
55608.047801 55608.940760 0.034995 0.008117
55609.001466 55609.957921 0.035692 0.008321
55610.018711 55610.974742 0.027631 0.007995
55611.035494 55611.991979 0.015765 0.008335
55612.052755 55612.945590 0.004906 0.008585
55613.006327 55613.962743 0.021873 0.009086
55614.023588 55614.979988 -0.003262 0.008818
55615.040810 55615.997172 -0.002120 0.008850
55616.058056 55616.950914 0.008010 0.010303
55617.011759 55617.968221 0.003457 0.008702
55618.029066 55618.950116 -0.009769 0.009650
55619.773958 55619.967384 0.008577 0.017364
