# src_name=XTE_J1550-564
# time_[MJD]       half_width_[d]  count_rate    error       fracexp   
#
51063.92230975037  0.18611111111  1.32446e+02  1.52702e-01  0.17662
51065.57314308370  0.50009259259  2.38030e+02  4.39553e-01  0.01426
51066.22397641704  0.15074074074  2.59922e+02  2.43939e-01  0.16769
51067.28953197259  0.01833333333  2.86723e+02  3.02373e-01  0.98990
51068.82962456519  0.47768518519  2.72477e+02  2.57418e-01  0.04982
51070.21980975037  0.08731481482  2.73228e+02  2.17495e-01  0.38282
51071.60573567630  0.40472222222  2.78691e+02  2.49861e-01  0.06383
51072.36249493556  0.01111111111  2.81372e+02  3.82816e-01  1.00000
51074.14943938000  0.01157407407  3.13365e+02  3.95832e-01  1.00000
51076.91990234297  0.11740740740  3.76518e+02  3.01428e-01  0.20426
51078.15860604667  0.01888888889  2.95152e+02  3.00710e-01  1.00000
51079.96749493555  0.17203703703  2.69288e+02  2.27917e-01  0.17438
51081.56906900963  0.50009259259  2.71080e+02  2.05806e-01  0.07406
51082.56925419482  0.50009259259  2.68879e+02  2.06524e-01  0.07295
51083.07045789852  0.00111111111  2.65694e+02  1.17636e+00  1.00000
51084.82092086149  0.47212962963  2.55425e+02  1.87518e-01  0.08904
51086.41730975037  0.48185185185  2.46547e+02  2.28549e-01  0.05669
51087.36508752815  0.42611111111  2.40004e+02  1.58115e-01  0.13038
51096.11018012074  0.50009259259  1.97998e+02  2.90143e-01  0.02722
51097.09703197259  0.48675925926  1.94283e+02  2.29770e-01  0.04375
51098.05240234296  0.24287037037  1.87829e+02  2.70028e-01  0.06138
51099.44573567630  0.23657407408  1.80925e+02  2.43956e-01  0.07436
51100.29212456518  0.01685185185  1.85112e+02  2.52128e-01  1.00000
51101.78610604667  0.17805555555  1.78246e+02  2.50878e-01  0.09204
51106.95860604667  0.00518518518  1.74059e+02  4.44741e-01  0.98214
51108.16036530593  0.08379629630  1.71532e+02  1.36073e-01  0.63978
51110.02342086149  0.28611111111  1.27177e+02  1.67888e-01  0.09126
51111.60545789852  0.00259259259  1.23698e+02  5.25462e-01  1.00000
51113.24082826888  0.43870370370  1.11389e+02  2.07302e-01  0.03419
51115.29647641704  0.00842592592  6.09065e+01  2.04527e-01  1.00000
51119.01934678741  0.01907407408  1.71333e+01  1.16425e-01  0.38350
51121.01730975037  0.02037037037  5.24012e+00  4.48246e-02  0.74091
51124.73925419481  0.01175925926  8.45487e+00  6.47602e-02  0.99213
51126.63406900963  0.04157407408  1.67492e+01  7.62607e-02  0.40089
51128.58629123186  0.02175925926  1.11171e+01  7.51593e-02  0.52340
51130.49564308370  0.03833333333  1.09163e+01  6.39176e-02  0.40338
51132.50110604666  0.00861111111  9.36799e+00  7.93454e-02  1.00000
51134.47156900963  0.03481481482  5.42173e+00  3.68901e-02  0.66223
51136.88962456518  0.11101851852  5.12275e+00  2.97809e-02  0.30108
51137.94730975037  0.01851851852  1.24545e+01  6.23860e-02  1.00000
51140.36786530593  0.36759259259  1.35942e+01  1.20003e-01  0.01486
51143.81305049111  0.00981481481  1.18083e+01  8.38378e-02  0.99057
51145.51166160223  0.04175925926  4.74265e+00  3.03877e-02  0.71175
51147.37842086148  0.04240740741  9.18817e+00  4.22305e-02  0.70306
51150.08768012074  0.01944444444  6.00154e+00  4.22631e-02  1.00000
51152.52240234296  0.44194444444  2.08270e+00  1.70647e-02  0.09365
51154.02656900963  0.00925925926  1.93132e+00  3.47430e-02  1.00000
51155.08619863926  0.01870370370  1.53995e+00  2.22737e-02  0.96040
51157.58888382444  0.08953703704  1.49413e+00  3.50542e-02  0.07859
51160.28906900963  0.01212962963  2.29760e+00  3.32358e-02  0.99237
51162.21740234297  0.01398148148  2.35589e+00  3.13308e-02  0.99338
51163.21101345407  0.00500000000  2.79529e+00  5.74137e-02  0.98148
51164.21573567630  0.00027777778  3.80973e+00  2.81726e-01  1.00000
51165.81101345408  0.21944444444  5.77698e+00  3.53461e-02  0.12194
51167.72684678741  0.30250000000  8.00469e+00  6.65385e-02  0.03459
51169.05268012075  0.04240740741  1.03463e+01  5.08583e-02  0.54585
51170.52749493556  0.00666666667  1.18198e+01  1.01293e-01  1.00000
51172.54851345408  0.47731481481  1.34463e+01  5.21510e-02  0.05994
51174.37906900963  0.37898148148  1.55037e+01  5.47718e-02  0.07892
51175.83851345407  0.04212962963  1.79007e+01  5.94081e-02  0.69670
51176.86962456518  0.02083333333  1.79108e+01  7.05352e-02  1.00000
51178.86814308370  0.02157407408  1.93734e+01  7.23997e-02  0.99142
51180.40814308370  0.48157407407  4.07173e+01  8.70282e-02  0.06460
51182.36768012073  0.02148148148  1.99166e+01  9.82320e-02  0.55603
51183.84490234296  0.30425925926  1.84830e+01  7.27944e-02  0.06634
51184.82712456517  0.11537037037  2.08641e+01  6.21128e-02  0.27127
51185.92675419481  0.07370370370  2.00471e+01  5.42965e-02  0.53392
51187.13777271332  0.03601851852  2.05366e+01  7.53616e-02  0.58098
51188.47666160221  0.27398148148  2.00934e+01  6.13188e-02  0.11288
51191.86184678740  0.37583333333  2.24458e+01  5.93698e-02  0.09805
51192.60240234295  0.00842592593  2.16152e+01  1.22517e-01  0.98901
51194.51962456518  0.02101851852  2.35829e+01  1.09025e-01  0.54626
51196.29749493554  0.23981481482  2.33337e+01  7.87768e-02  0.09073
51198.07647641703  0.02009259259  2.51629e+01  9.88343e-02  0.74194
51200.43990234296  0.05407407407  6.03181e+01  1.77245e-01  0.20548
51203.75073567629  0.50009259259  2.91470e+01  9.14132e-02  0.04036
51204.28758752814  0.03675925926  2.77423e+01  1.64597e-01  0.16121
51206.33656900963  0.47555555556  2.64842e+01  8.48340e-02  0.04478
51208.53203197259  0.35175925926  3.09978e+01  9.58218e-02  0.05554
51209.72629123184  0.01379629629  2.63292e+01  1.09597e-01  0.91946
51211.72536530592  0.01472222222  2.41916e+01  9.75155e-02  1.00000
51213.27647641703  0.50009259259  2.47902e+01  8.93674e-02  0.03592
51213.79360604666  0.01703703704  2.53916e+01  9.28702e-02  1.00000
51215.46092086147  0.48546296296  4.23401e+01  6.67456e-02  0.11329
51217.28916160221  0.44944444445  2.46791e+01  6.28887e-02  0.08035
51219.10203197258  0.04157407408  2.21423e+01  9.35886e-02  0.35189
51220.75453197258  0.24611111111  2.36815e+01  6.64695e-02  0.12603
51221.58138382444  0.01277777778  2.07147e+01  9.72118e-02  0.99275
51224.25268012073  0.48629629630  1.92049e+01  5.05894e-02  0.08930
51226.33768012073  0.04037037037  1.90192e+01  9.56235e-02  0.29817
51228.29008752813  0.44592592593  1.75461e+01  5.58161e-02  0.07309
51230.92610604666  0.50009259259  1.84716e+01  6.52690e-02  0.05018
51231.84693937999  0.42074074074  2.85993e+01  9.27014e-02  0.04577
51233.36073567629  0.50009259259  7.16045e+01  1.82750e-01  0.02481
51233.86406900962  0.00324074074  6.69153e+01  3.45676e-01  1.00000
51235.25166160221  0.05194444444  7.81856e+01  1.53275e-01  0.37077
51237.64656900962  0.02000000000  2.35927e+01  8.28151e-02  0.99537
51239.58221715777  0.50009259259  4.84763e+01  9.11083e-02  0.06758
51240.08508752814  0.00277777778  5.61236e+01  3.41942e-01  1.00000
51242.16323567629  0.36148148148  1.17040e+02  1.70038e-01  0.06481
51244.94110604666  0.44490740741  2.12532e+02  2.68685e-01  0.03829
51246.43962456517  0.01175925926  1.69007e+02  2.88397e-01  1.00000
51248.04416160221  0.06425925926  2.06968e+02  2.40846e-01  0.32133
51250.71073567629  0.01583333333  1.52260e+02  2.35904e-01  1.00000
51253.68045789850  0.45351851852  1.61978e+02  1.90487e-01  0.05696
51255.16360604666  0.07148148148  6.55124e+01  1.22244e-01  0.35492
51257.73073567628  0.36768518519  4.27009e+01  1.92527e-01  0.01813
51258.50323567628  0.00629629629  4.64442e+01  2.06610e-01  1.00000
51260.56656900962  0.01296296296  2.33452e+01  1.02088e-01  1.00000
51265.20064308369  0.44203703704  1.72739e+01  9.22005e-02  0.02660
51267.26268012073  0.38185185185  1.23466e+01  5.81763e-02  0.05529
51269.69740234295  0.01953703704  1.59270e+01  7.09047e-02  0.93839
51271.08749493555  0.34444444444  2.65055e+01  7.50644e-02  0.07903
51274.02156900962  0.48000000000  1.06959e+01  3.98955e-02  0.08102
51276.31842086147  0.03888888889  5.04040e+00  5.82011e-02  0.22143
51277.41564308369  0.01333333333  6.14416e+00  5.16404e-02  1.00000
51279.13027271333  0.44351851852  5.39060e+00  3.38520e-02  0.06138
51280.55990234295  0.01277777777  4.24704e+00  4.40173e-02  0.99275
51285.63249493555  0.43462962963  3.86865e+00  3.67530e-02  0.03813
51286.79564308369  0.47037037037  4.48708e+00  3.99177e-02  0.03465
51287.96073567629  0.43305555556  3.19417e+00  7.66266e-02  0.00727
51289.15499493555  0.00750000000  6.39068e+00  7.02217e-02  1.00000
51291.18962456517  0.20416666667  5.97431e+00  3.31394e-02  0.15420
51292.95795789851  0.50009259259  1.99274e+00  2.40125e-02  0.03999
51293.47638382443  0.01833333333  3.38243e+00  3.27583e-02  0.99495
51295.54379123184  0.01851851852  1.46396e+00  2.13890e-02  1.00000
51297.76055049110  0.36935185185  4.72897e-01  1.01557e-02  0.08223
51299.44055049110  0.09620370371  1.87830e-01  1.03883e-02  0.19538
51300.47453197258  0.01314814815  2.05499e-01  1.26010e-02  1.00000
51302.93795789851  0.47694444445  1.64137e-01  9.39203e-03  0.04931
51305.16601345406  0.03925925926  6.63437e-01  1.80432e-02  0.31368
51307.36832826888  0.04435185185  3.00719e+00  2.98455e-02  0.44050
51309.74184678739  0.02009259259  1.92122e+00  2.36325e-02  0.99078
51311.52962456517  0.00990740741  9.28665e-01  2.34246e-02  1.00000
51313.32749493554  0.00981481481  6.84933e-01  2.03403e-02  0.99057
51318.79805049110  0.01907407407  3.64817e-01  1.41050e-02  0.71359
51644.50962456518  0.03490740741  5.83840e+01  1.25413e-01  0.61538
51646.48832826888  0.15287037037  6.72069e+01  1.25427e-01  0.16172
51648.75666160221  0.01157407408  7.26560e+01  1.90599e-01  1.00000
51651.08305049110  0.34407407407  7.74692e+01  1.17283e-01  0.09473
51652.25962456517  0.01083333333  8.30380e+01  2.11519e-01  0.99145
51653.54295789851  0.01175925926  8.80074e+01  2.08112e-01  1.00000
51655.20045789851  0.47388888889  9.20210e+01  1.74906e-01  0.03673
51658.60471715777  0.00481481481  9.69624e+01  3.41382e-01  1.00000
51660.09258752814  0.01268518519  8.45602e+01  2.12535e-01  0.85401
51662.17545789851  0.00648148148  1.06539e+02  3.08422e-01  1.00000
51664.53980975036  0.12472222222  5.72093e+01  1.18183e-01  0.19005
51669.07203197258  0.22657407407  3.17267e+01  8.99642e-02  0.10012
51671.09675419480  0.33277777778  3.04277e+01  1.42999e-01  0.02588
51672.90916160221  0.49851851852  4.06183e+01  1.52612e-01  0.02025
51673.42036530592  0.00009259259  4.20066e+01  1.62031e+00  1.00000
51675.09193937999  0.39722222222  4.56309e+01  1.64028e-01  0.02471
51676.40758752814  0.00787037037  3.98692e+01  1.71218e-01  1.00000
51678.46629123185  0.01398148148  4.30565e+01  1.33497e-01  1.00000
51680.39129123184  0.01194444444  4.00521e+01  1.39845e-01  0.99225
51682.31610604665  0.00990740741  3.81831e+01  1.49343e-01  1.00000
51684.27092086147  0.50009259259  3.47249e+01  1.03398e-01  0.03759
51684.77268012073  0.00166666667  3.19738e+01  3.33197e-01  1.00000
51686.76805049110  0.47203703704  2.60050e+01  9.42416e-02  0.03590
51688.84943937999  0.00657407408  1.97946e+01  1.32003e-01  1.00000
51690.80897641703  0.04018518519  1.51795e+01  9.28693e-02  0.25346
51692.98740234296  0.43305555555  1.06911e+01  6.07593e-02  0.03870
51695.27129123184  0.00990740741  7.58918e+00  8.17350e-02  0.66355
51696.48462456517  0.00990740741  6.59271e+00  6.20555e-02  1.00000
51698.95129123185  0.00287037037  4.78925e+00  9.82637e-02  1.00000
51702.52147641702  0.00620370370  2.89021e+00  5.19239e-02  1.00000
51703.65721715777  0.00601851852  2.48037e+00  4.88362e-02  1.00000
51705.99592086147  0.00194444444  1.89611e+00  7.51212e-02  1.00000
51707.50314308370  0.00583333333  1.43461e+00  3.77257e-02  1.00000
51710.80480975036  0.00324074074  7.37609e-01  3.66857e-02  1.00000
51712.24036530592  0.40750000000  7.11123e-01  1.43975e-02  0.05067
51713.57397641703  0.01111111111  6.36882e-01  1.84947e-02  1.00000
51715.17842086147  0.40055555556  5.43224e-01  1.29079e-02  0.05086
51716.98008752814  0.48518518519  5.01148e-01  1.36751e-02  0.03531
51717.77490234295  0.00500000000  4.22718e-01  2.37298e-02  1.00000
51720.40962456517  0.01027777778  4.29946e-01  1.62942e-02  1.00000
51722.38953197259  0.00500000000  3.18234e-01  2.17966e-02  1.00000
51723.74443937999  0.00490740740  2.37313e-01  2.10789e-02  1.00000
51732.29518012073  0.01324074074  2.23120e-01  1.27486e-02  1.00000
51735.42823567629  0.01240740741  2.15906e-01  1.51625e-02  0.71642
51738.82629123184  0.00379629630  1.18627e-01  2.26273e-02  1.00000
51741.40342086148  0.00574074074  2.45895e-01  1.92034e-02  1.00000
51937.77712456517  0.01407407408  1.01737e+01  6.46781e-02  1.00000
51940.76693937999  0.21870370370  1.37724e+01  6.17150e-02  0.09568
51942.75064308369  0.01425925926  1.55843e+01  7.95285e-02  1.00000
51944.67832826888  0.00527777778  1.64225e+01  1.34191e-01  1.00000
51946.93684678740  0.00546296296  1.77028e+01  1.36942e-01  1.00000
51948.51351345406  0.00768518518  1.83325e+01  1.17493e-01  1.00000
51950.20638382444  0.37555555555  1.88550e+01  4.81639e-02  0.12525
51952.82916160221  0.00703703704  1.79646e+01  1.21546e-01  1.00000
51955.54425419481  0.01064814815  1.84374e+01  1.00540e-01  0.99130
51957.59980975036  0.01064814815  1.80007e+01  9.89089e-02  1.00000
51959.45314308369  0.00972222222  1.74157e+01  1.01816e-01  1.00000
51960.66175419481  0.08129629630  1.69801e+01  5.76787e-02  0.36333
51962.06703197258  0.00194444444  1.65347e+01  2.21834e-01  1.00000
51964.32305049110  0.00055555556  1.08380e+01  3.36000e-01  1.00000
51966.10480975036  0.00287037037  1.20331e+01  1.55757e-01  1.00000
51968.60795789851  0.01009259259  8.92719e+00  7.15458e-02  1.00000
51970.25156900962  0.07074074074  7.12010e+00  6.91738e-02  0.12173
51972.43906900962  0.13805555556  4.81654e+00  4.13572e-02  0.11804
51974.26906900962  0.01564814815  3.86939e+00  3.78284e-02  1.00000
51976.41943937999  0.00824074074  2.81100e+00  4.46816e-02  0.98876
51978.62814308370  0.00657407407  2.17870e+00  4.37935e-02  1.00000
51980.54082826887  0.00222222222  1.89452e+00  7.02399e-02  1.00000
51982.44092086147  0.30490740741  1.91720e+00  3.33533e-02  0.03280
51986.78443937999  0.00805555555  9.84690e-01  2.69903e-02  1.00000
51994.01147641703  0.00805555555  4.65914e-01  1.95997e-02  1.00000
51997.45869863925  0.00972222222  1.15944e-01  1.44209e-02  1.00000
51999.51666160222  0.00250000000  5.87269e-01  4.01670e-02  1.00000
52001.76175419481  0.00500000000  1.68289e-01  1.92309e-02  1.00000
52003.42295789851  0.00972222222  1.02237e-01  1.34235e-02  1.00000
52005.80703197258  0.00824074074  5.76297e-02  1.89597e-02  0.62921
52007.26240234295  0.00601851852  3.49172e-02  1.62822e-02  1.00000
52009.01295789851  0.00527777778  8.13093e-02  1.87664e-02  1.00000
52011.99480975037  0.00546296296  1.25718e-01  1.87229e-02  1.00000
52016.89638382444  0.00777777778  8.29306e-02  1.51019e-02  1.00000
52024.28638382444  0.13592592593  1.34786e-02  1.42092e-02  0.06676
52028.12851345407  0.03750000000  7.89855e-02  1.43700e-02  0.23210
52284.94545789851  0.05518518519  3.36835e+01  9.25083e-02  0.41275
52287.13443938000  0.01953703704  2.91411e+01  9.29078e-02  1.00000
52289.11610604665  0.01953703704  2.44376e+01  8.50801e-02  1.00000
52291.34008752814  0.07666666667  1.91322e+01  9.20902e-02  0.17029
52293.46879123185  0.01666666667  1.59773e+01  7.44827e-02  1.00000
52295.77842086148  0.01296296296  1.26279e+01  7.50830e-02  1.00000
52297.25758752814  0.03750000000  1.08087e+01  4.93841e-02  0.68395
52299.88332826888  0.01287037037  7.73380e+00  5.89697e-02  1.00000
52301.00045789851  0.01351851852  6.68551e+00  5.34972e-02  1.00000
52302.85305049110  0.01611111111  5.19674e+00  4.32047e-02  1.00000
52305.82573567629  0.01583333333  3.56317e+00  3.60878e-02  1.00000
52307.15036530592  0.01953703704  3.02931e+00  2.99551e-02  1.00000
52308.86777271333  0.01935185185  2.19223e+00  2.56041e-02  1.00000
52311.77379123184  0.01925925926  1.66161e+00  2.44311e-02  0.83654
52313.68295789851  0.01305555556  1.39580e+00  2.48738e-02  1.00000
52316.58684678740  0.01101851852  9.19529e-01  2.21378e-02  1.00000
52319.55832826888  0.01083333333  7.22826e-01  1.98556e-02  0.99145
52322.73703197258  0.01916666667  4.68544e-01  1.26969e-02  1.00000
52325.63230975036  0.01018518518  3.22145e-01  1.61587e-02  1.00000
52328.53684678739  0.00972222222  2.67444e-01  1.46708e-02  1.00000
52331.40240234295  0.00453703704  2.25951e-01  2.04009e-02  1.00000
52335.75842086147  0.01351851852  8.30896e-02  1.10889e-02  1.00000
52338.46842086147  0.03925925926  7.12285e-02  1.19808e-02  0.30896
52725.73064308369  0.14777777778  2.85908e+01  7.49617e-02  0.19925
52728.05582826888  0.49981481482  3.11129e+01  1.06020e-01  0.03205
52729.01888382444  0.46083333333  3.24174e+01  9.77600e-02  0.04260
52731.50471715777  0.00981481482  3.56247e+01  1.44931e-01  1.00000
52733.04703197259  0.50009259259  3.53107e+01  4.51418e-02  0.20052
52733.98693937999  0.43981481481  3.56684e+01  7.58973e-02  0.08147
52735.52851345406  0.01620370370  3.71111e+01  1.15456e-01  0.99429
52737.28869863925  0.00824074074  3.69532e+01  1.61091e-01  1.00000
52740.48916160221  0.25055555555  3.59778e+01  3.90446e-02  0.54509
52741.38962456518  0.13935185185  3.57354e+01  4.78371e-02  0.64850
52743.51416160222  0.31759259259  3.23493e+01  1.00797e-01  0.05802
52745.43036530592  0.11287037037  2.97793e+01  9.05491e-02  0.18622
52746.96064308369  0.05462962963  2.64670e+01  1.02975e-01  0.26441
52750.05749493555  0.02796296296  2.15629e+01  7.32751e-02  0.83113
52775.00832826888  0.00324074074  9.66938e-01  4.15533e-02  1.00000
52781.48379123185  0.00296296296  4.33869e-01  3.07106e-02  1.00000
53161.70425419480  0.50009259259  6.76384e-02  6.84368e-03  0.07499
53162.69749493555  0.49314814815  7.46024e-02  3.37624e-03  0.31562
