# src_name=XTEJ_0421+560
# time_[MJD]       half_width_[d]  count_rate    error       fracexp   
#
50904.12036530593  0.04083333333  4.87764e+02  3.36018e-01  0.61224
50905.76592086148  0.47916666667  3.74627e+01  6.21589e-02  0.11710
50906.93518012074  0.45046296296  3.37802e+00  2.38875e-02  0.07605
50908.73638382445  0.44925925926  9.66042e-01  1.01350e-02  0.12201
50910.43740234296  0.32842592592  3.51132e-01  9.47800e-03  0.08458
50911.20508752815  0.04740740741  2.38116e-01  8.41574e-03  0.66992
50912.30064308370  0.01333333334  1.69304e-01  1.20529e-02  1.00000
