# src_name=XTEJ_0421+560
# time_[MJD]       half_width_[d]  count_rate    error       fracexp   
#
50904.12036530593  0.04083333333  3.51653e+03  9.02226e-01  0.61224
50905.76592086148  0.47916666667  3.42579e+02  1.87968e-01  0.11710
50906.93518012074  0.45046296296  5.71395e+01  9.82443e-02  0.07605
50908.73638382445  0.44925925926  2.26139e+01  4.88616e-02  0.12201
50910.43740234296  0.32842592592  1.07472e+01  4.73180e-02  0.08458
50911.20508752815  0.04740740741  7.96493e+00  3.80964e-02  0.66992
50912.30064308370  0.01333333334  5.90324e+00  5.06179e-02  1.00000
