# src_name=GX_339-4
# time_[MJD]       half_width_[d]  count_rate    error       fracexp   
#
50290.80406900964  0.03972222222  1.28373e+02  1.57121e-01  0.75758
50373.15258752815  0.06064814815  2.58879e+01  6.74161e-02  0.54351
50385.98638382445  0.04481481481  4.41380e+01  8.80281e-02  0.73554
50482.85147641704  0.18657407407  1.25236e+02  1.05219e-01  0.35087
50487.71934678742  0.12055555555  1.17811e+02  9.34585e-02  0.64747
50489.75268012074  0.08703703704  1.09798e+02  1.01661e-01  0.70638
50493.45490234297  0.43537037037  1.08137e+02  6.99822e-02  0.29349
50496.87740234297  0.10750000000  1.05274e+02  1.04113e-01  0.52283
50543.37277271334  0.01268518519  1.06245e+02  2.20966e-01  0.99270
50548.50721715778  0.01231481482  1.27733e+02  2.45000e-01  1.00000
50549.57684678741  0.01064814815  1.26929e+02  2.62646e-01  1.00000
50551.85934678742  0.00870370370  1.33985e+02  4.63379e-01  0.41489
50553.87416160223  0.01203703704  1.34892e+02  2.54660e-01  1.00000
50555.99786530593  0.00833333333  1.38527e+02  3.24938e-01  0.91111
50557.94277271334  0.01212962963  1.36503e+02  2.55197e-01  1.00000
50560.92499493556  0.01175925926  1.29150e+02  2.52107e-01  1.00000
50597.47693938001  0.08555555556  6.97464e+01  8.40540e-02  0.66775
50636.43073567630  0.08601851852  2.83853e+01  5.31504e-02  0.67600
50683.39518012074  0.21250000000  8.43923e+01  8.61911e-02  0.30937
50711.06943938000  0.14620370371  1.10615e+02  1.02659e-01  0.41545
50743.17906900963  0.05287037037  1.03817e+02  1.23999e-01  0.73905
50746.18666160222  0.04583333333  8.49799e+01  1.24437e-01  0.69293
50749.65851345408  0.24138888889  6.88833e+01  9.75951e-02  0.17338
50752.86073567630  0.04027777778  5.97938e+01  1.12173e-01  0.68276
50755.91453197259  0.05500000000  5.80485e+01  8.85208e-02  0.77946
50828.54814308370  0.38287037037  2.61121e+02  2.02752e-01  0.09601
50829.55138382445  0.38018518519  2.52143e+02  2.08358e-01  0.08841
50830.76480975037  0.37398148148  2.48934e+02  2.06178e-01  0.09062
50865.64101345408  0.00907407407  4.20887e+02  5.18096e-01  1.00000
50874.35545789852  0.04388888889  4.06731e+02  2.66845e-01  0.75316
51191.11443937999  0.12046296296  8.87862e+01  8.31294e-02  0.61722
51201.10786530592  0.11925925926  7.36580e+01  7.42073e-02  0.64907
51221.99138382444  0.08611111111  5.55727e+01  9.04016e-02  0.45699
51240.95869863925  0.05379629630  5.48893e+01  9.16967e-02  0.70224
51270.63230975036  0.08611111111  5.57546e+01  7.79835e-02  0.61613
51290.58462456518  0.12324074074  2.60454e+01  4.45824e-02  0.61533
51295.27832826888  0.07972222222  2.34086e+01  4.97547e-02  0.68641
51303.01721715777  0.08694444444  1.61117e+01  4.00434e-02  0.66880
51312.67332826888  0.08601851852  8.77065e+00  2.99527e-02  0.65770
51323.55416160221  0.04574074074  3.62684e+00  2.56700e-02  0.69636
51332.28490234296  0.05333333333  2.40565e+00  1.89674e-02  0.72569
51341.04999493554  0.48250000000  1.71219e+00  1.67592e-02  0.07311
51343.04869863925  0.48305555555  1.57189e+00  1.28374e-02  0.11463
51351.89860604666  0.34185185185  1.14941e+00  8.00622e-03  0.30661
51353.59184678740  0.50009259259  1.13511e+00  1.53379e-02  0.05647
51354.20082826888  0.10888888889  1.06480e+00  1.40637e-02  0.28741
51366.66036530591  0.11935185185  7.03608e-01  7.76024e-03  0.60047
51370.35555049111  0.08601851852  5.84834e-01  8.93115e-03  0.55544
51375.48230975036  0.01944444444  5.36880e-01  1.37616e-02  0.99048
51388.43230975036  0.12111111111  5.46040e-01  7.52312e-03  0.52141
51396.13305049110  0.07666666667  6.02700e-01  9.27197e-03  0.58575
51407.35582826888  0.12018518518  7.72990e-01  8.29813e-03  0.56857
51418.23897641703  0.08425925926  6.41313e-01  9.36616e-03  0.54176
51425.24443937999  0.10009259259  8.87842e-01  1.00932e-02  0.51896
51441.43675419480  0.25074074074  2.27917e+00  1.34299e-02  0.29173
51966.00249493554  0.38185185185  4.12035e-01  7.52955e-03  0.14500
51974.12656900962  0.07000000000  4.03595e-01  2.67973e-02  0.06217
51979.69823567629  0.01185185185  4.01167e-01  1.55499e-02  1.00000
51985.93212456518  0.00537037037  4.86642e-01  2.47725e-02  1.00000
51997.15314308369  0.00305555555  3.61984e-01  3.08374e-02  1.00000
52003.35629123184  0.00657407407  4.02227e-01  2.16652e-02  1.00000
52008.61869863925  0.00472222222  3.62588e-01  2.41840e-02  1.00000
52016.57258752814  0.00435185185  3.20270e-01  2.43461e-02  1.00000
52023.66749493555  0.00611111111  3.67685e-01  2.26572e-02  1.00000
52030.80203197258  0.00083333333  2.32931e-01  5.29340e-02  1.00000
52038.78508752814  0.00481481482  3.32103e-01  2.40913e-02  1.00000
52043.26147641703  0.00564814815  5.42628e-01  2.50923e-02  1.00000
52058.13379123184  0.00018518518  2.30430e-01  8.48584e-02  1.00000
52066.44527271332  0.00407407407  3.20856e-01  2.53981e-02  1.00000
52073.95971715777  0.00074074074  4.86531e-01  6.22493e-02  1.00000
52078.25740234296  0.00379629630  4.19860e-01  3.12968e-02  1.00000
52096.00564308369  0.00333333333  1.84235e-01  2.65174e-02  1.00000
52102.24110604665  0.00638888889  3.34949e-01  2.02989e-02  1.00000
52114.91277271332  0.00194444445  4.82463e-01  4.47079e-02  1.00000
52122.26610604666  0.00194444444  2.75446e-01  3.62803e-02  1.00000
52128.56768012073  0.00092592592  2.60102e-01  4.94620e-02  1.00000
52136.98203197258  0.00342592593  3.75541e-01  2.81785e-02  1.00000
52141.88008752814  0.00518518519  4.12802e-01  2.50268e-02  1.00000
52150.99045789851  0.00648148148  4.15641e-01  2.11536e-02  1.00000
52155.78749493555  0.00222222223  5.54564e-01  3.96739e-02  1.00000
52165.50879123184  0.00314814815  5.07366e-01  3.40371e-02  1.00000
52177.14360604665  0.00222222222  4.62826e-01  3.83960e-02  1.00000
52183.98842086147  0.00462962963  5.47316e-01  2.78937e-02  1.00000
52192.78082826888  0.00648148148  4.88547e-01  2.29169e-02  1.00000
52207.94499493555  0.00490740741  2.73432e-01  2.23812e-02  1.00000
52212.96230975036  0.00500000000  3.92979e-01  2.38829e-02  1.00000
52221.69508752813  0.00611111111  5.50932e-01  2.46656e-02  1.00000
52228.46564308369  0.00111111111  3.85022e-01  4.89654e-02  1.00000
52234.88629123184  0.00527777778  4.53765e-01  2.36481e-02  1.00000
52238.34425419480  0.00287037037  3.88221e-01  3.25283e-02  1.00000
52270.86536530592  0.00694444445  4.65305e-01  2.15390e-02  0.98667
52275.82740234295  0.00527777778  3.14409e-01  2.17780e-02  0.98246
52281.84814308370  0.00527777778  4.04361e-01  2.36088e-02  1.00000
52288.59425419480  0.00583333333  5.36300e-01  2.43633e-02  1.00000
52296.91823567629  0.00500000000  3.88227e-01  2.56035e-02  1.00000
52303.25906900962  0.00416666667  3.38398e-01  2.64120e-02  1.00000
52311.39758752814  0.00120370370  4.03733e-03  4.83699e-02  1.00000
52317.66943937999  0.00435185185  4.47693e-01  2.80137e-02  1.00000
52324.41045789851  0.00018518518  5.51431e-01  1.31272e-01  1.00000
52332.20425419480  0.00287037037  1.13251e+00  4.79195e-02  1.00000
52339.12332826888  0.00027777778  9.32981e-01  1.39417e-01  1.00000
52345.05795789851  0.00453703704  1.34538e+00  4.14252e-02  1.00000
52350.07888382443  0.00657407408  1.83887e+00  4.02334e-02  1.00000
52359.64860604666  0.00481481481  6.86534e+00  9.08384e-02  1.00000
52366.60684678740  0.00490740741  1.13924e+02  3.70037e-01  0.98113
52367.81332826888  0.05212962963  1.71218e+02  1.61163e-01  0.73179
52371.55369863925  0.00731481481  3.59268e+02  5.33133e-01  1.00000
52373.24230975036  0.00407407407  4.55488e+02  8.04363e-01  1.00000
52374.42888382444  0.00305555555  4.74003e+02  9.47488e-01  1.00000
52377.10036530592  0.00379629630  5.20696e+02  1.04153e+00  0.73171
52379.14758752814  0.00324074074  5.97692e+02  1.03311e+00  1.00000
52381.62230975036  0.49925925926  6.55004e+02  7.38808e-01  0.01391
52383.10675419480  0.00518518519  6.74253e+02  1.06721e+00  0.66071
52384.57480975036  0.45009259259  6.94362e+02  5.64890e-01  0.02798
52385.78749493555  0.32259259259  7.01409e+02  5.17016e-01  0.04707
52387.33082826888  0.40518518519  7.27619e+02  3.28663e-01  0.09621
52388.06110604666  0.00509259259  7.31843e+02  2.39113e+00  0.14545
52389.07768012073  0.00055555555  7.12501e+02  2.72431e+00  1.00000
52391.19730975036  0.29074074074  7.52621e+02  3.84002e-01  0.10159
52394.44536530592  0.00935185185  7.75168e+02  6.92592e-01  1.00000
52398.67212456517  0.00277777778  7.64137e+02  4.88664e+00  0.06667
52400.91406900962  0.08157407408  8.24133e+02  3.77211e-01  0.41090
52402.50230975036  0.00277777778  8.66773e+02  3.29161e+00  0.16667
52406.22499493555  0.48824074074  1.12635e+03  6.99190e-01  0.02731
52416.60499493555  0.00101851852  1.00567e+03  5.60600e+00  0.18182
52419.42277271333  0.17879629630  8.99473e+02  5.76754e-01  0.08752
52426.65351345406  0.00527777778  7.41080e+02  1.06287e+00  0.71930
52430.66166160221  0.00305555556  6.00912e+02  1.06681e+00  1.00000
52431.86101345406  0.07481481481  6.06814e+02  7.20786e-01  0.09035
52433.10990234296  0.00740740741  5.95264e+02  6.81946e-01  1.00000
52437.44156900962  0.00074074074  7.09430e+02  2.35423e+00  1.00000
52438.64971715776  0.20166666666  6.05878e+02  3.81633e-01  0.11938
52440.06980975036  0.44305555556  5.99643e+02  4.31806e-01  0.04201
52441.02638382444  0.27222222222  6.18048e+02  2.88220e-01  0.15816
52441.90971715777  0.02851851852  6.39774e+02  5.21549e-01  0.47727
52443.44758752814  0.00305555555  6.57278e+02  1.25698e+00  0.78788
52448.34712456517  0.00462962963  7.33223e+02  1.47723e+00  0.42000
52451.74073567629  0.16009259259  7.50296e+02  5.55437e-01  0.08791
52454.04018012073  0.00083333334  8.37149e+02  2.41113e+00  1.00000
52459.36203197259  0.34453703704  9.61360e+02  7.01784e-01  0.03279
52468.45869863925  0.00175925926  1.15672e+03  4.25133e+00  0.21053
52479.91545789851  0.00351851852  1.26957e+03  1.44503e+00  1.00000
52483.83453197258  0.00092592593  1.33109e+03  2.88432e+00  1.00000
52487.36480975036  0.30490740741  1.31007e+03  7.02318e-01  0.05041
52495.33314308369  0.05120370370  1.26399e+03  4.62073e-01  0.66908
52499.97564308369  0.00148148148  1.26795e+03  5.13962e+00  0.18750
52502.87277271332  0.00101851852  1.20261e+03  2.61400e+00  1.00000
52504.81582826888  0.03481481482  1.18727e+03  2.38914e+00  0.03457
52508.01897641702  0.00518518519  1.25184e+03  1.18201e+00  1.00000
52511.05369863925  0.00527777778  1.19262e+03  1.14355e+00  1.00000
52514.08842086147  0.00518518519  1.19960e+03  1.15708e+00  1.00000
52517.86906900962  0.00027777778  1.17492e+03  4.94748e+00  1.00000
52529.59342086147  0.00666666667  1.16053e+03  1.00369e+00  1.00000
52536.11805049110  0.00277777778  1.03756e+03  1.71686e+00  0.73333
52543.24332826887  0.00175925926  8.06192e+02  1.96874e+00  0.68421
52546.24351345406  0.39768518518  8.37673e+02  7.42361e-01  0.02212
52547.26092086147  0.00009259259  7.74278e+02  6.95646e+00  1.00000
52553.12008752814  0.00370370370  6.88064e+02  1.14156e+00  0.82500
52555.55212456518  0.26055555556  6.80732e+02  5.23917e-01  0.05508
52558.63897641703  0.00555555556  6.51693e+02  8.23922e-01  1.00000
52560.43221715777  0.01824074074  6.49189e+02  4.53829e-01  1.00000
52562.92610604665  0.00546296296  6.01322e+02  7.98119e-01  1.00000
52565.81869863925  0.00546296296  5.92397e+02  7.92173e-01  1.00000
52574.32518012073  0.00472222222  5.31487e+02  8.07051e-01  1.00000
52577.81018012073  0.00490740740  5.20955e+02  7.83794e-01  1.00000
52579.76943937999  0.08953703703  5.00766e+02  4.03745e-01  0.19855
52584.41045789851  0.00203703704  4.68621e+02  1.35298e+00  0.72727
52591.96175419481  0.00222222222  4.14967e+02  1.03954e+00  1.00000
52595.55527271333  0.26462962963  4.00465e+02  3.04467e-01  0.09447
52597.33499493555  0.00601851852  4.09730e+02  6.27671e-01  1.00000
52600.79582826888  0.00351851852  4.22593e+02  8.33699e-01  1.00000
52603.70193937999  0.00500000000  4.15941e+02  7.00355e-01  0.98148
52635.71536530592  0.00546296296  4.68715e+02  7.04642e-01  1.00000
52640.31703197258  0.00101851852  4.58258e+02  1.61361e+00  1.00000
52642.15193937999  0.00148148148  4.56338e+02  1.68882e+00  0.62500
52647.10166160221  0.01842592593  4.47120e+02  3.74736e-01  1.00000
52650.14434678740  0.00500000000  4.44895e+02  7.17583e-01  1.00000
52652.17184678740  0.01768518518  4.28973e+02  3.74661e-01  1.00000
52654.59592086147  0.00453703704  4.19688e+02  7.31653e-01  1.00000
52657.11999493554  0.00435185185  4.24212e+02  7.51074e-01  1.00000
52658.94416160221  0.01666666667  4.22819e+02  3.83161e-01  1.00000
52660.64805049110  0.00518518518  4.24527e+02  6.88333e-01  1.00000
52663.47249493554  0.00425925926  3.90428e+02  7.28336e-01  1.00000
52667.23712456517  0.21629629630  3.68411e+02  3.30343e-01  0.09033
52671.26221715777  0.00305555556  3.16875e+02  7.74689e-01  1.00000
52675.65573567629  0.00509259259  2.47916e+02  6.30319e-01  0.70909
52676.97221715777  0.01731481482  2.24484e+02  2.74648e-01  0.99465
52678.96203197258  0.00453703704  2.09417e+02  5.16830e-01  1.00000
52680.53758752813  0.33250000000  1.74593e+02  2.13230e-01  0.06683
52684.35953197259  0.00185185185  1.33810e+02  6.46649e-01  1.00000
52686.26305049111  0.00222222222  1.23466e+02  5.67033e-01  1.00000
52687.99823567629  0.31018518519  1.10882e+02  1.92509e-01  0.05582
52688.89656900962  0.00407407407  1.05618e+02  3.87331e-01  1.00000
52690.92305049110  0.07740740741  9.46037e+01  1.52874e-01  0.30263
52693.73758752814  0.00268518518  9.88651e+01  4.61597e-01  1.00000
52694.94462456518  0.01583333333  1.00820e+02  1.91962e-01  1.00000
52696.48045789851  0.11814814815  9.97543e+01  7.93977e-02  0.77508
52700.60184678739  0.00675925926  7.87960e+01  2.59735e-01  1.00000
52704.02156900962  0.00481481482  7.91607e+01  3.08456e-01  1.00000
52706.87647641703  0.10768518518  8.25016e+01  9.06854e-02  0.53912
52707.92156900962  0.00537037037  8.24980e+01  2.98159e-01  1.00000
52710.30286530592  0.44185185185  7.80651e+01  7.91915e-02  0.16303
52711.51443937999  0.00620370370  8.27669e+01  2.77863e-01  1.00000
52713.28823567629  0.20407407407  7.44571e+01  1.01805e-01  0.20372
52716.28916160221  0.44259259259  6.75470e+01  6.07477e-02  0.23933
52717.84082826888  0.34555555556  7.84335e+01  1.32791e-01  0.07449
52719.23610604666  0.00250000000  8.36502e+01  4.40039e-01  1.00000
52724.23453197259  0.00203703704  8.47624e+01  4.90716e-01  1.00000
52727.26055049110  0.00120370370  7.87430e+01  6.15282e-01  1.00000
52731.84443937999  0.28064814815  6.73175e+01  1.33239e-01  0.07819
52734.23101345406  0.00148148148  5.93718e+01  4.81582e-01  1.00000
52735.65980975036  0.01953703703  5.39126e+01  1.26370e-01  1.00000
52737.25693937999  0.00092592593  4.96263e+01  5.56924e-01  1.00000
52739.80305049110  0.21759259259  4.44010e+01  1.03511e-01  0.11021
52742.20073567628  0.50009259259  3.80663e+01  4.02850e-02  0.27143
52742.74258752813  0.04175925926  3.68205e+01  9.55619e-02  0.55876
52747.19805049110  0.22277777778  2.50397e+01  9.48375e-02  0.07232
52750.39203197258  0.01527777778  1.87507e+01  8.42765e-02  1.00000
52751.56980975036  0.00453703704  1.67738e+01  1.46271e-01  1.00000
52756.21314308369  0.17416666667  1.16324e+01  5.17952e-02  0.14407
52760.22166160221  0.00046296296  7.76601e+00  3.11569e-01  1.00000
52763.34786530591  0.00555555556  8.06688e+00  9.16679e-02  1.00000
52765.65749493554  0.01722222222  7.78874e+00  5.35118e-02  0.91398
52766.89443937999  0.00490740740  7.11969e+00  9.16289e-02  1.00000
52769.09379123185  0.00203703704  6.71380e+00  1.38106e-01  1.00000
52774.45471715777  0.00500000000  4.59262e+00  7.29077e-02  1.00000
52777.11601345407  0.00129629630  3.99944e+00  1.33621e-01  1.00000
52779.93555049110  0.00268518519  3.57010e+00  8.77164e-02  1.00000
52784.01666160221  0.00342592593  2.70450e+00  6.75901e-02  1.00000
52790.29619863925  0.00444444444  2.36001e+00  5.54340e-02  1.00000
52794.40323567628  0.00722222222  2.13513e+00  4.13623e-02  1.00000
52796.64555049110  0.00324074074  1.76541e+00  5.61473e-02  1.00000
52802.26879123184  0.00407407407  1.37906e+00  4.42593e-02  1.00000
52804.51721715777  0.00509259259  1.38993e+00  3.99172e-02  1.00000
52808.45443937999  0.00398148148  1.17348e+00  4.16412e-02  1.00000
52812.14138382443  0.00500000000  1.28160e+00  3.85141e-02  1.00000
52815.48980975036  0.00472222222  8.67213e-01  3.30360e-02  1.00000
52818.67397641703  0.00425925926  8.03839e-01  3.31455e-02  1.00000
52822.80619863925  0.00425925926  8.96161e-01  5.16444e-02  0.45652
52826.07277271332  0.00416666667  7.75245e-01  3.38597e-02  1.00000
52828.99601345406  0.00074074074  1.52354e-01  5.49198e-02  1.00000
52833.32416160221  0.00574074074  5.56887e-01  2.50559e-02  1.00000
52838.65527271332  0.00351851852  4.59267e-01  2.94669e-02  1.00000
52844.86860604666  0.49703703704  4.79502e-01  2.03112e-02  0.01546
52849.43999493554  0.00509259259  5.37532e-01  2.63255e-02  1.00000
52854.41564308370  0.00314814815  4.33596e-01  2.93256e-02  1.00000
52857.90249493554  0.00314814815  4.70743e-01  3.23915e-02  1.00000
52870.26999493554  0.00453703704  8.39741e-01  5.26058e-02  0.40816
52874.98462456517  0.00601851852  3.94080e-01  2.24736e-02  1.00000
52883.74980975036  0.00027777778  4.04920e-01  9.18468e-02  1.00000
52891.01499493555  0.00453703704  4.02278e-01  2.54821e-02  1.00000
52898.18101345406  0.00222222222  5.37133e-01  4.01506e-02  1.00000
52904.16212456518  0.00240740741  4.45314e-01  3.82181e-02  1.00000
52911.20740234296  0.19675925926  4.92128e-01  9.89202e-03  0.17224
52926.05268012073  0.00500000000  3.83114e-01  2.28578e-02  1.00000
52932.51462456518  0.00416666667  4.94404e-01  2.67491e-02  1.00000
52938.85860604666  0.00314814815  5.56469e-01  3.32072e-02  1.00000
52944.60397641703  0.00092592592  6.21603e-01  6.23299e-02  1.00000
52953.59768012073  0.00296296296  5.27970e-01  3.34176e-02  1.00000
52960.15601345406  0.00518518518  4.35429e-01  2.43240e-02  1.00000
52969.08897641703  0.00481481481  4.61950e-01  2.57601e-02  1.00000
53001.95434678740  0.00574074074  4.32367e-01  2.27330e-02  0.98387
53008.26703197258  0.00305555556  4.19913e-01  3.14882e-02  1.00000
53014.54656900962  0.00314814815  3.06350e-01  2.69347e-02  1.00000
53021.84193937999  0.00370370370  5.74998e-01  3.17950e-02  1.00000
53028.59360604666  0.00703703704  4.60946e-01  2.21656e-02  1.00000
53036.23055049111  0.00287037037  1.31380e+00  5.17553e-02  1.00000
53044.24119863925  0.00314814815  5.17804e+00  9.90298e-02  0.97059
53048.71101345406  0.00370370370  9.50158e+00  1.21845e-01  1.00000
53050.63601345406  0.03203703704  1.30500e+01  5.96799e-02  0.66185
53051.66230975036  0.00833333333  1.55036e+01  1.03761e-01  1.00000
53054.80527271333  0.28703703704  1.99849e+01  3.31590e-02  0.36645
53056.17916160221  0.40962962963  2.27576e+01  4.02950e-02  0.19801
53057.57249493555  0.34018518518  2.63787e+01  6.79568e-02  0.09717
53059.23314308369  0.37379629630  2.87089e+01  4.71825e-02  0.19965
53062.09916160221  0.34907407407  3.56415e+01  7.75921e-02  0.09814
53063.08416160222  0.28314814815  3.72326e+01  8.21282e-02  0.11282
53065.02092086147  0.31527777778  4.19236e+01  1.22714e-01  0.05110
53065.77156900962  0.01333333333  5.04034e+01  1.47907e-01  1.00000
53067.07471715777  0.26814814815  5.12674e+01  1.54061e-01  0.04662
53068.48814308370  0.50009259259  5.63473e+01  6.90326e-02  0.13683
53068.99990234296  0.01166666667  6.13508e+01  1.96803e-01  0.78571
53070.43416160221  0.41092592593  6.61583e+01  1.10279e-01  0.07661
53072.36971715777  0.44314814815  7.21503e+01  1.14493e-01  0.07188
53073.98055049111  0.01898148148  7.82380e+01  1.54822e-01  0.99512
53075.50610604665  0.49435185185  8.59832e+01  1.12981e-01  0.07885
53078.20740234295  0.50009259259  1.02297e+02  1.53316e-01  0.05036
53078.91305049110  0.20555555556  9.77120e+01  2.49632e-01  0.04414
53080.28721715776  0.46138888889  1.06060e+02  1.47423e-01  0.06121
53081.90555049110  0.39620370371  1.17101e+02  2.39120e-01  0.02991
53083.23453197259  0.47833333334  1.19744e+02  1.12531e-01  0.11440
53084.47147641703  0.00879629629  1.20428e+02  3.14700e-01  0.80000
53086.58175419481  0.01888888889  1.28978e+02  1.99274e-01  0.99510
53088.03008752814  0.14296296296  1.31582e+02  2.43238e-01  0.09003
53090.12230975035  0.45407407407  1.29816e+02  1.50754e-01  0.07280
53092.13638382444  0.37129629630  1.32542e+02  1.61147e-01  0.07955
53093.88582826887  0.43259259259  1.33539e+02  1.74212e-01  0.05886
53096.01406900962  0.36638888889  1.38534e+02  1.60052e-01  0.08542
53097.29897641703  0.00074074074  1.35066e+02  1.02723e+00  1.00000
53098.78629123184  0.34490740741  1.37703e+02  1.90966e-01  0.06336
53099.59518012073  0.00305555555  1.29053e+02  5.02052e-01  0.96970
53101.32730975036  0.43907407407  1.35337e+02  2.17381e-01  0.03775
53102.20332826888  0.00564814815  1.31593e+02  3.67190e-01  1.00000
53104.08619863925  0.00037037037  1.28752e+02  1.41836e+00  1.00000
53107.91119863925  0.49388888889  1.17036e+02  5.40916e-01  0.00469
53110.20249493555  0.00314814815  1.08753e+02  4.47117e-01  1.00000
53112.63499493555  0.00472222222  1.07022e+02  3.62153e-01  1.00000
53114.12425419480  0.36601851852  9.94919e+01  1.55549e-01  0.06501
53115.99249493555  0.46425925926  9.49166e+01  2.18726e-01  0.02473
53117.11249493554  0.39685185185  8.90902e+01  1.29505e-01  0.07746
53118.47730975036  0.33240740741  8.48878e+01  1.60483e-01  0.05738
53119.67036530592  0.01601851852  8.03239e+01  1.70349e-01  1.00000
53122.32147641703  0.49250000000  7.45992e+01  1.49004e-01  0.03948
53123.87351345406  0.01861111111  6.80299e+01  1.49594e-01  0.94527
53126.12545789851  0.49333333333  6.39383e+01  1.53772e-01  0.03172
53128.27055049110  0.47712962963  6.21872e+01  1.25189e-01  0.04813
53129.91703197258  0.01175925926  6.15673e+01  1.74755e-01  0.99213
53131.47832826888  0.01231481481  6.16253e+01  1.82218e-01  0.87218
53134.12656900962  0.00166666667  6.00781e+01  4.56732e-01  1.00000
53136.88721715777  0.50009259259  5.79081e+01  1.31594e-01  0.03870
53137.39036530592  0.00305555556  5.83929e+01  3.32555e-01  1.00000
53139.73675419480  0.39722222222  5.55700e+01  1.51660e-01  0.03520
53144.80888382444  0.00287037037  5.90846e+01  3.45141e-01  1.00000
53148.46295789851  0.00379629630  5.78973e+01  2.97083e-01  1.00000
53154.43897641703  0.00481481481  5.75525e+01  2.63009e-01  1.00000
53158.33490234295  0.00537037037  5.32273e+01  2.39493e-01  1.00000
53162.26860604665  0.00537037037  5.77396e+01  2.49438e-01  1.00000
53165.49184678739  0.00527777778  6.36087e+01  2.64095e-01  1.00000
53168.49230975036  0.00425925926  6.87213e+01  3.05567e-01  1.00000
53171.96980975036  0.00416666667  6.65793e+01  3.04091e-01  1.00000
53175.25786530592  0.00518518519  6.62576e+01  2.71934e-01  1.00000
53179.51582826888  0.00500000000  6.34788e+01  2.71055e-01  1.00000
53184.10897641703  0.00555555556  6.43231e+01  2.58850e-01  1.00000
53187.32397641703  0.00592592593  6.91997e+01  2.59957e-01  1.00000
53189.84110604666  0.00194444444  7.52800e+01  4.73337e-01  1.00000
53196.63777271332  0.49416666667  1.09670e+02  1.62680e-01  0.04853
53198.64221715777  0.50009259259  1.14992e+02  1.41490e-01  0.06647
53199.15453197258  0.01222222222  1.20992e+02  2.39349e-01  1.00000
53201.32879123184  0.00425925926  1.27373e+02  4.20603e-01  0.97826
53204.41555049110  0.00490740741  1.37726e+02  4.03004e-01  1.00000
53215.29897641703  0.00611111111  1.67361e+02  3.98102e-01  1.00000
53218.11388382444  0.00546296296  1.81993e+02  4.39078e-01  1.00000
53222.25221715777  0.00750000000  2.27763e+02  4.21829e-01  0.98765
53225.41193937999  0.00777777778  2.42227e+02  4.24533e-01  1.00000
53226.45277271332  0.01805555556  2.51209e+02  2.83753e-01  1.00000
53228.99832826888  0.00509259259  2.61116e+02  5.44722e-01  1.00000
53230.96564308369  0.00444444445  2.97651e+02  6.22548e-01  1.00000
53232.50888382444  0.49805555556  3.17398e+02  1.33444e-01  0.20710
53233.40786530591  0.01796296296  3.89258e+02  3.54126e-01  1.00000
53235.02073567628  0.43861111111  3.39501e+02  3.11271e-01  0.04623
53236.28999493555  0.01564814815  2.79061e+02  3.21252e-01  1.00000
53237.69388382444  0.36990740741  2.74814e+02  1.38531e-01  0.22403
53239.72629123184  0.50009259259  2.79061e+02  2.01398e-01  0.07961
53240.33166160221  0.10527777778  2.74393e+02  1.57882e-01  0.60510
53242.08166160221  0.03509259259  2.76230e+02  5.99728e-01  0.12665
53243.98101345406  0.33407407407  2.77528e+02  2.52065e-01  0.07567
53245.85545789851  0.00462962963  2.81537e+02  5.93229e-01  1.00000
53246.97008752814  0.00425925926  2.88930e+02  6.26552e-01  1.00000
53248.84055049111  0.00138888889  3.03184e+02  1.12395e+00  1.00000
53250.98406900962  0.01731481481  3.10843e+02  3.23187e-01  0.99465
53254.77610604666  0.00435185185  3.27356e+02  6.66916e-01  0.97872
53257.93184678740  0.00490740741  3.62794e+02  6.54082e-01  1.00000
53260.88490234295  0.00481481482  3.85817e+02  6.80971e-01  1.00000
53263.19369863925  0.00564814815  4.00170e+02  6.40320e-01  1.00000
53266.93434678740  0.00500000000  4.29679e+02  7.11826e-01  0.98148
53269.95129123185  0.00472222222  4.52398e+02  7.44587e-01  1.00000
53272.66527271332  0.00314814815  4.76363e+02  9.35771e-01  1.00000
53276.89897641703  0.00555555556  5.16777e+02  7.33696e-01  1.00000
53281.04342086148  0.00444444445  5.20872e+02  8.23541e-01  1.00000
53282.42166160221  0.08435185185  5.20982e+02  2.36735e-01  0.63776
53284.66675419481  0.00203703704  5.37033e+02  1.23518e+00  1.00000
53287.47860604666  0.00259259259  5.75034e+02  1.13294e+00  1.00000
53294.73740234296  0.00490740741  5.78199e+02  8.25735e-01  1.00000
53296.07842086147  0.00425925926  5.80381e+02  8.97822e-01  0.97826
53298.56693937999  0.00111111111  5.72754e+02  2.26139e+00  0.58333
53300.60332826888  0.00083333333  5.94386e+02  2.03167e+00  1.00000
53303.48786530591  0.00111111111  6.11050e+02  3.08993e+00  0.33333
53306.76425419480  0.26416666666  5.94179e+02  4.99236e-01  0.05223
53309.95230975036  0.00055555555  6.18536e+02  2.53832e+00  1.00000
53314.55453197258  0.00388888889  5.95586e+02  9.41429e-01  1.00000
53316.60619863925  0.02074074074  5.99007e+02  8.17639e-01  0.25000
53319.22888382443  0.01898148148  6.05002e+02  9.27026e-01  0.21463
53322.69332826888  0.00453703704  5.66122e+02  8.58567e-01  0.97959
53325.77777271332  0.00324074074  5.78880e+02  1.01672e+00  1.00000
53328.49203197258  0.03490740741  6.48846e+02  9.38927e-01  0.12202
53331.08786530592  0.00796296297  5.66422e+02  6.41595e-01  1.00000
53366.27416160221  0.00425925926  2.79473e+02  6.23023e-01  0.97826
53369.15749493554  0.00574074074  2.61208e+02  5.13142e-01  1.00000
53371.96953197259  0.00425925926  2.48542e+02  5.81114e-01  1.00000
53378.17990234295  0.00555555556  2.25573e+02  4.84739e-01  1.00000
53381.41943937998  0.00250000000  2.04964e+02  6.88807e-01  1.00000
53384.30119863925  0.00518518519  1.98990e+02  4.71261e-01  1.00000
53387.25018012073  0.00620370370  2.04110e+02  4.36350e-01  1.00000
53390.70869863925  0.00694444444  2.09082e+02  4.17415e-01  1.00000
53394.05545789850  0.00222222222  2.03160e+02  7.27367e-01  1.00000
53398.97110604666  0.00398148148  2.06225e+02  5.47490e-01  1.00000
53406.00573567628  0.00324074074  2.20041e+02  6.26842e-01  1.00000
53409.67249493554  0.00666666666  2.06456e+02  4.23339e-01  1.00000
53411.90916160221  0.00444444444  2.11650e+02  5.24963e-01  1.00000
53414.14027271332  0.00629629630  2.13782e+02  4.43273e-01  1.00000
53417.46203197258  0.00990740741  2.05387e+02  3.46366e-01  1.00000
53419.76916160221  0.00555555556  2.04229e+02  4.61236e-01  1.00000
53422.40980975036  0.00046296296  2.09593e+02  1.61862e+00  1.00000
53426.30832826888  0.00398148148  1.89174e+02  5.24369e-01  1.00000
53429.52518012073  0.00527777778  1.91406e+02  4.58121e-01  1.00000
53436.04147641703  0.00157407407  1.82965e+02  8.20161e-01  1.00000
53439.35221715776  0.00398148148  1.80352e+02  5.11995e-01  1.00000
53442.82656900962  0.49185185185  1.76566e+02  1.05049e+00  0.00188
53446.78323567628  0.00574074074  1.66908e+02  4.10188e-01  1.00000
53452.34832826888  0.00064814815  1.27962e+02  1.06889e+00  1.00000
53455.83147641703  0.00472222222  1.07126e+02  3.62329e-01  1.00000
53459.47286530591  0.00296296296  1.04484e+02  4.51742e-01  1.00000
53463.21175419480  0.00074074074  1.09434e+02  9.24636e-01  1.00000
53466.76055049110  0.00398148148  1.31106e+02  4.36533e-01  1.00000
53469.32795789851  0.00509259259  1.05281e+02  3.45887e-01  1.00000
53472.34008752814  0.00629629629  9.08976e+01  2.89043e-01  1.00000
53474.23832826888  0.00527777778  8.11325e+01  2.98263e-01  1.00000
53477.73592086147  0.00472222222  6.46909e+01  2.81564e-01  1.00000
53478.95703197258  0.00546296296  5.91789e+01  2.50379e-01  1.00000
53480.94962456518  0.00583333333  5.01231e+01  2.22992e-01  1.00000
53482.96286530592  0.46277777778  3.95443e+01  1.31009e-01  0.02881
53484.21314308369  0.47750000000  3.56002e+01  8.88264e-02  0.05468
53485.28443937999  0.50009259259  3.20303e+01  8.48591e-02  0.05147
53486.25342086147  0.46888888889  2.83198e+01  4.95470e-02  0.14238
53487.52268012073  0.18259259259  2.44110e+01  7.35543e-02  0.14300
53489.08518012073  0.50009259259  2.19644e+01  5.25032e-02  0.09221
53490.08536530592  0.50009259259  1.97084e+01  4.94368e-02  0.09332
53490.61990234295  0.03444444445  1.90632e+01  7.34246e-02  0.59409
53492.09980975036  0.50009259259  1.65277e+01  3.56233e-02  0.15071
53492.74119863925  0.14129629630  1.58063e+01  3.53177e-02  0.51900
53496.02360604666  0.00444444444  1.31499e+01  1.30852e-01  1.00000
53497.91740234295  0.00268518518  1.07224e+01  1.52015e-01  1.00000
53499.03888382443  0.00398148148  1.05261e+01  1.23692e-01  1.00000
53502.22175419480  0.00666666667  9.28460e+00  9.04050e-02  0.98611
53504.44073567629  0.23953703704  7.91459e+00  1.86184e-02  0.55160
53505.70675419481  0.00296296296  7.37192e+00  1.19993e-01  1.00000
53508.67684678740  0.00435185185  6.33650e+00  9.17943e-02  1.00000
53511.76675419480  0.00018518518  4.79064e+00  3.86921e-01  1.00000
53514.05564308369  0.42500000000  4.39399e+00  8.39145e-02  0.00850
53518.62184678740  0.00527777778  3.73015e+00  6.39537e-02  1.00000
53523.92518012073  0.00268518518  3.02232e+00  8.07070e-02  1.00000
53526.05175419481  0.00666666667  2.47002e+00  4.63045e-02  1.00000
53530.05351345407  0.00157407407  1.64512e+00  7.77704e-02  1.00000
53533.42768012073  0.00296296296  1.35402e+00  5.15774e-02  1.00000
53536.67499493554  0.42638888889  1.30111e+00  1.78264e-02  0.05559
53537.36869863925  0.01250000000  1.29395e+00  2.79302e-02  0.77037
53539.06305049110  0.00259259259  1.21627e+00  5.21045e-02  1.00000
53542.07879123184  0.00370370370  1.41454e+00  4.70130e-02  1.00000
53546.74916160222  0.00092592593  8.86469e-01  7.49820e-02  1.00000
53548.65749493554  0.00500000000  8.34627e-01  3.12266e-02  1.00000
53552.20055049111  0.00231481481  6.92394e-01  4.21563e-02  1.00000
53557.83666160221  0.00416666667  6.07667e-01  2.93810e-02  1.00000
53567.26897641703  0.00444444444  6.19007e-01  2.96060e-02  1.00000
53572.31369863925  0.00546296296  6.26965e-01  2.67642e-02  1.00000
53575.44823567629  0.00314814815  6.29677e-01  3.54911e-02  1.00000
53578.98564308370  0.00370370370  5.28422e-01  3.07047e-02  1.00000
53580.88323567629  0.00351851852  7.24415e-01  3.48280e-02  1.00000
53585.49934678740  0.00425925926  7.04918e-01  3.18934e-02  1.00000
53590.06416160221  0.00314814815  5.48442e-01  3.35089e-02  1.00000
53592.90629123184  0.00064814815  6.78233e-01  7.78180e-02  1.00000
53595.88656900961  0.00259259259  6.41214e-01  3.90681e-02  1.00000
53600.04027271333  0.00351851852  5.83090e-01  3.24032e-02  1.00000
53603.44471715776  0.00537037037  7.25265e-01  2.85730e-02  1.00000
53607.31962456518  0.00361111111  7.49599e-01  3.54047e-02  1.00000
53613.97268012073  0.00444444444  7.06119e-01  3.13707e-02  1.00000
53617.05832826887  0.00490740741  5.73297e-01  2.69973e-02  1.00000
53620.93805049110  0.00500000000  6.97272e-01  2.98735e-02  1.00000
53623.29425419480  0.00509259259  5.43733e-01  2.58558e-02  1.00000
53626.76258752814  0.00546296296  4.38274e-01  2.47323e-02  0.98305
53630.25582826888  0.00425925926  6.93340e-01  3.43665e-02  0.80435
53634.88545789850  0.00462962963  6.19646e-01  2.92275e-02  0.98000
53636.85036530592  0.00398148148  5.23486e-01  2.93473e-02  1.00000
53640.91721715777  0.00490740741  5.30247e-01  2.60833e-02  1.00000
53644.15212456517  0.00296296296  6.01423e-01  3.52036e-02  0.96875
53651.61730975036  0.00222222222  5.73353e-01  4.00440e-02  1.00000
53654.14786530592  0.00351851852  3.95411e-01  2.83468e-02  1.00000
53660.45332826888  0.00157407407  2.85350e-01  3.76634e-02  1.00000
53663.28879123184  0.00388888889  4.93093e-01  2.95317e-02  1.00000
53664.98369863925  0.00509259259  5.15279e-01  2.59631e-02  1.00000
53668.44425419481  0.00027777778  3.68169e-01  8.75796e-02  1.00000
53671.90962456517  0.00361111111  4.31028e-01  2.89698e-02  1.00000
53675.98573567629  0.00453703704  4.65927e-01  2.75421e-02  1.00000
53679.20953197258  0.00518518519  6.08946e-01  2.66011e-02  1.00000
53682.08823567629  0.00314814815  3.65953e-01  2.95880e-02  1.00000
53685.28888382444  0.00564814815  3.34169e-01  2.23180e-02  1.00000
53689.42518012073  0.00194444444  7.63128e-01  4.87378e-02  1.00000
53693.35193937999  0.00166666667  4.78353e-01  4.50864e-02  1.00000
53696.17777271332  0.00416666667  2.51170e+00  5.90632e-02  1.00000
53698.07601345406  0.00555555556  8.55276e-01  2.98605e-02  1.00000
53731.60064308370  0.00537037037  6.52202e-01  2.78565e-02  1.00000
53733.43193938000  0.00277777778  4.53900e-01  3.47580e-02  1.00000
53737.13018012072  0.00435185185  6.50881e-01  3.01949e-02  1.00000
53740.70805049108  0.00907407407  9.05969e-01  2.45966e-02  1.00000
53743.09018012072  0.00416666667  1.07312e+00  3.86062e-02  1.00000
53747.99536530591  0.00527777778  1.27804e+00  3.74347e-02  1.00000
53750.88368706516  0.00435185185  1.28022e+00  4.12604e-02  1.00000
53753.80137225035  0.00462962963  3.19523e+00  6.31984e-02  1.00000
53756.32211299110  0.00240740741  5.79625e+00  1.18039e-01  1.00000
53761.80842086146  0.00351851852  1.04107e+01  1.30854e-01  1.00000
53768.76369863924  0.00620370371  2.15753e+01  1.41867e-01  1.00000
53770.77647641701  0.00546296296  1.91131e+01  1.42292e-01  1.00000
53774.51916160221  0.00481481482  3.03777e+01  1.91080e-01  1.00000
53778.00277271331  0.00490740740  3.41839e+01  2.00777e-01  1.00000
53781.25888382443  0.00435185185  2.91198e+01  1.96782e-01  1.00000
53784.53573567628  0.00657407408  2.67876e+01  1.53560e-01  1.00000
53787.76240234295  0.00416666667  2.85958e+01  1.99290e-01  1.00000
53793.27351345406  0.00287037037  3.17862e+01  2.53150e-01  1.00000
53800.34851345405  0.00046296296  4.01783e+01  7.08681e-01  1.00000
53807.41851345405  0.00416666667  4.20778e+01  2.41747e-01  1.00000
53815.39851345406  0.00490740741  4.43076e+01  2.30769e-01  0.98113
53820.64740234295  0.00490740741  4.29702e+01  2.25105e-01  1.00000
53831.11101345405  0.00500000000  4.66881e+01  2.32459e-01  1.00000
53837.66129123183  0.00546296296  4.88147e+01  2.27399e-01  1.00000
53844.34036530591  0.00675925926  4.61707e+01  1.98821e-01  1.00000
53849.85564308368  0.00277777778  5.41052e+01  3.35737e-01  1.00000
53860.99564308368  0.00296296296  2.18292e+01  2.06483e-01  1.00000
53869.62101345405  0.00259259259  1.39876e+01  1.76698e-01  1.00000
53876.24851345405  0.00490740740  7.73308e+00  9.64083e-02  0.98113
53883.73619863924  0.00425925926  4.74323e+00  8.02783e-02  1.00000
53888.63203197257  0.01879629630  4.09012e+00  3.54862e-02  1.00000
53891.07203197257  0.00120370370  2.07728e+00  9.99345e-02  1.00000
53896.82443937998  0.00342592593  2.11895e+00  5.98273e-02  1.00000
53902.07240234294  0.00046296296  1.16214e+00  1.20527e-01  1.00000
53911.00730975035  0.00314814815  8.76906e-01  4.06846e-02  1.00000
53924.67610604665  0.00268518519  5.47251e-01  3.77921e-02  1.00000
53932.04416160220  0.00574074074  4.23352e-01  2.43563e-02  0.98387
53937.29508752812  0.00518518519  4.20865e-01  2.51030e-02  1.00000
53945.88842086146  0.00203703704  3.39221e-01  3.85546e-02  1.00000
53958.88499493554  0.00453703704  4.49920e-01  2.59631e-02  0.97959
53966.80684678739  0.00342592593  4.26212e-01  2.90885e-02  1.00000
53972.27369863924  0.00509259259  4.81776e-01  2.56951e-02  1.00000
53980.12434678739  0.00407407407  4.48745e-01  2.89734e-02  1.00000
53986.75712456516  0.00259259259  4.19389e-01  3.33481e-02  1.00000
53995.65869863924  0.00435185185  4.97243e-01  2.61042e-02  1.00000
54051.75073567628  0.00675925926  7.00160e+00  7.74243e-02  1.00000
54053.06092086146  0.00787037037  1.09145e+01  8.95844e-02  1.00000
54054.50119863923  0.40092592593  1.07581e+01  6.58629e-02  0.03580
54055.87536530591  0.00805555556  1.23543e+01  9.42083e-02  1.00000
54056.98518012072  0.00509259259  1.31146e+01  1.22078e-01  1.00000
54058.37434678739  0.38259259259  2.15062e+01  1.16521e-01  0.02396
54059.82943937998  0.00435185185  2.47481e+01  1.81410e-01  1.00000
54060.97693937998  0.00425925926  2.80675e+01  1.95282e-01  1.00000
54062.44712456517  0.00592592593  3.34005e+01  1.80604e-01  1.00000
54064.08666160220  0.49564814815  3.81031e+01  1.50600e-01  0.01962
54097.07480975035  0.01824074074  1.55796e+02  2.22323e-01  1.00000
54102.32480975035  0.00546296296  1.69181e+02  4.23340e-01  1.00000
54109.77277271331  0.15046296296  2.28415e+02  1.35810e-01  0.47631
54112.91064308368  0.00685185185  2.57403e+02  4.66263e-01  1.00000
54118.97564308369  0.02500000000  3.32880e+02  4.67974e-01  0.35185
54122.31092086146  0.02805555555  3.90313e+02  3.46656e-01  0.66997
54127.11990234294  0.00092592592  4.97505e+02  1.76335e+00  1.00000
54129.21601345405  0.26981481481  5.24409e+02  3.63538e-01  0.08511
54130.63277271331  0.50009259259  5.85260e+02  4.85790e-01  0.02870
54131.63045789850  0.49759259259  6.13476e+02  4.10985e-01  0.04224
54133.48092086146  0.47564814815  6.47019e+02  3.77346e-01  0.05529
54135.53462456517  0.50009259259  6.68403e+02  4.35760e-01  0.04073
54136.53443937998  0.49972222222  7.16523e+02  4.47127e-01  0.04150
54138.35851345406  0.50009259259  7.88512e+02  8.57643e-01  0.01241
54138.85980975035  0.00120370370  8.00551e+02  1.96184e+00  1.00000
54140.09851345405  0.14305555556  8.28850e+02  5.02691e-01  0.13269
54141.56092086146  0.50009259259  8.86412e+02  5.79450e-01  0.03055
54142.55212456516  0.49111111111  9.82647e+02  1.10829e+00  0.00943
54144.02268012072  0.06814814815  1.11524e+03  2.64012e+00  0.01359
54145.58138382442  0.46740740741  1.20714e+03  6.08140e-01  0.04041
54147.03064308368  0.01870370371  1.41494e+03  6.61658e-01  1.00000
54148.15536530591  0.00657407407  1.21112e+03  1.03988e+00  0.98592
54149.71332826887  0.01805555556  1.18829e+03  6.18728e-01  0.99487
54154.87406900961  0.00527777777  1.13990e+03  5.96841e+00  0.03509
54156.57175419480  0.00222222222  1.09769e+03  4.14143e+00  0.16667
54158.30582826887  0.49351851852  1.05769e+03  9.93302e-01  0.01257
54159.51499493554  0.00212962963  1.06022e+03  1.97430e+00  0.73913
54161.30564308368  0.40500000000  1.11796e+03  6.04835e-01  0.04367
54162.68962456517  0.00305555556  1.13869e+03  1.46854e+00  1.00000
54164.14462456517  0.44472222222  9.87719e+02  6.73732e-01  0.02832
54165.93434678738  0.40203703704  9.46867e+02  6.99346e-01  0.02787
54168.97221715776  0.42861111111  7.55028e+02  6.16894e-01  0.02679
54170.73971715775  0.49296296296  7.14841e+02  8.55815e-01  0.01146
54171.78795789850  0.49268518519  6.66985e+02  1.22017e+00  0.00526
54172.84425419480  0.50009259259  6.23223e+02  8.73930e-01  0.00944
54173.34582826887  0.00148148148  6.07904e+02  1.54098e+00  1.00000
54175.00175419479  0.01037037037  6.01627e+02  7.54800e-01  0.58929
54176.56879123182  0.47277777778  5.88839e+02  4.18629e-01  0.04113
54178.62425419479  0.44620370370  6.04875e+02  3.23161e-01  0.07512
54179.84184678739  0.00990740741  5.65867e+02  6.33951e-01  0.82243
54181.66462456516  0.46453703703  5.08148e+02  3.50853e-01  0.05143
54183.17379123183  0.01944444445  5.43266e+02  4.02103e-01  1.00000
54185.13721715775  0.01916666667  4.66379e+02  3.75253e-01  1.00000
54187.16592086146  0.01898148148  3.76526e+02  3.65663e-01  0.85854
54189.06388382442  0.01898148148  3.43805e+02  3.24550e-01  0.99512
54191.09582826887  0.01555555556  3.21357e+02  3.74771e-01  0.85119
54193.71286530590  0.01611111111  2.79197e+02  3.16680e-01  1.00000
54197.63675419480  0.01870370371  2.35462e+02  2.69914e-01  1.00000
54199.59990234294  0.01870370370  2.06642e+02  2.53484e-01  0.99505
54201.69471715776  0.01814814815  1.95691e+02  2.49803e-01  1.00000
54203.59193937998  0.01870370370  1.79136e+02  2.35427e-01  1.00000
54205.55545789850  0.01870370370  1.47220e+02  2.13957e-01  0.99505
54207.71471715775  0.01907407408  1.84170e+02  2.36959e-01  0.99515
54209.96332826887  0.50009259259  1.50826e+02  2.12376e-01  0.03870
54210.47305049108  0.00962962963  1.66051e+02  3.17425e-01  0.99038
54212.16351345406  0.39564814815  1.43864e+02  1.91573e-01  0.05734
54213.80129123183  0.41287037037  1.39064e+02  1.93554e-01  0.05203
54215.31555049109  0.01194444444  1.31662e+02  2.52567e-01  1.00000
54217.11851345406  0.17120370370  1.15192e+02  1.98347e-01  0.09897
54218.55573567627  0.37509259259  1.30633e+02  1.90916e-01  0.05529
54220.23425419479  0.00768518518  1.31424e+02  3.14585e-01  1.00000
54221.38480975035  0.00972222222  1.25603e+02  2.73430e-01  1.00000
54223.67916160220  0.45629629630  1.30929e+02  2.38383e-01  0.02922
54225.68036530590  0.43694444445  1.28589e+02  1.88995e-01  0.04768
54228.01277271331  0.39898148148  1.09249e+02  1.67628e-01  0.05639
54229.24943937998  0.00935185186  1.01227e+02  2.50281e-01  1.00000
54231.16480975035  0.46416666666  1.11539e+02  1.76020e-01  0.04488
54233.12471715776  0.46537037037  1.10461e+02  1.71765e-01  0.04656
54235.32110604665  0.48175925926  9.70338e+01  2.22049e-01  0.02364
54236.87471715776  0.49925925926  8.84202e+01  1.04921e-01  0.09310
54237.57268012072  0.15000000000  8.55081e+01  1.08377e-01  0.28086
54239.24462456517  0.50009259259  7.55469e+01  2.01753e-01  0.02148
54240.03055049109  0.28583333333  7.07334e+01  1.99568e-01  0.03596
54241.57092086146  0.00583333333  6.22754e+01  2.48558e-01  1.00000
54242.88305049109  0.00870370370  5.74120e+01  1.95379e-01  1.00000
54245.43953197257  0.46240740741  4.50035e+01  7.73596e-02  0.09411
54246.87286530591  0.01055555556  4.06966e+01  1.53464e-01  0.94737
54248.38305049109  0.46351851852  3.57318e+01  1.24533e-01  0.02877
54249.55619863924  0.01037037037  3.25953e+01  1.34868e-01  1.00000
54251.21758752812  0.50009259259  2.75642e+01  7.59062e-02  0.05536
54251.88536530590  0.16768518519  2.58277e+01  8.27041e-02  0.13031
54253.26749493554  0.00870370370  2.33788e+01  1.24677e-01  1.00000
54255.17619863924  0.25370370370  2.11168e+01  1.06209e-01  0.04270
54256.46499493554  0.16879629630  1.98985e+01  6.90287e-02  0.14317
54257.79268012072  0.47703703704  1.84272e+01  7.86888e-02  0.03610
54259.28934678739  0.01074074074  1.72464e+01  9.63964e-02  1.00000
54260.91119863924  0.30370370371  1.61914e+01  6.44002e-02  0.07439
54262.79888382443  0.44509259259  1.55076e+01  4.45202e-02  0.10173
54264.75388382442  0.50009259259  1.48309e+01  6.26711e-02  0.04370
54265.46018012072  0.20620370370  1.42143e+01  6.12250e-02  0.10642
54267.03379123184  0.20444444444  1.43698e+01  5.47147e-02  0.13587
54268.44471715776  0.49703703704  1.52753e+01  8.50448e-02  0.02459
54269.66369863924  0.37305555556  1.51764e+01  5.32906e-02  0.08290
54270.92925419479  0.00175925926  1.66871e+01  2.34290e-01  1.00000
54273.33286530591  0.37407407408  1.50691e+01  1.08502e-01  0.01980
54274.42406900960  0.01342592592  1.51162e+01  8.07193e-02  1.00000
54276.06925419479  0.39620370371  1.53556e+01  6.33686e-02  0.05585
54277.16897641702  0.00944444444  1.53752e+01  9.70622e-02  1.00000
54278.87240234294  0.40120370371  1.64482e+01  7.26075e-02  0.04500
54280.11147641702  0.00916666667  1.65470e+01  1.02728e-01  0.98990
54281.15897641702  0.00888888889  1.72197e+01  1.05881e-01  1.00000
54282.69749493554  0.49851851852  1.91313e+01  9.14418e-02  0.02656
54284.52693937998  0.49648148148  2.07468e+01  1.00649e-01  0.02387
54286.13138382442  0.00666666667  2.29938e+01  1.41279e-01  1.00000
54287.24592086146  0.00861111111  2.44522e+01  1.28191e-01  1.00000
54289.01434678739  0.46833333333  2.72156e+01  1.03758e-01  0.03124
54290.19147641702  0.00527777778  2.89387e+01  1.78132e-01  1.00000
54291.94064308368  0.49722222222  2.96588e+01  1.13854e-01  0.02663
54293.41258752813  0.00601851852  2.99049e+01  1.69572e-01  1.00000
54295.11869863924  0.46657407407  3.17397e+01  1.36160e-01  0.02123
54297.66925419479  0.00990740741  3.35545e+01  1.39999e-01  1.00000
54299.50258752813  0.00879629629  3.53616e+01  1.52526e-01  1.00000
54301.72953197257  0.00666666666  3.74593e+01  1.80324e-01  1.00000
54303.82582826887  0.00407407407  3.82541e+01  2.33105e-01  1.00000
54305.45795789850  0.00787037037  4.10306e+01  1.73694e-01  1.00000
54307.75045789850  0.00574074074  4.19574e+01  2.05659e-01  1.00000
54309.18119863923  0.01462962963  4.25359e+01  1.30127e-01  0.99367
54311.19406900961  0.00805555555  4.36933e+01  1.77169e-01  1.00000
54313.63712456517  0.00814814815  4.60272e+01  1.80803e-01  1.00000
54316.38999493554  0.00583333333  4.48180e+01  2.10861e-01  1.00000
54318.13351345406  0.00824074074  4.62608e+01  1.80240e-01  1.00000
54319.92842086146  0.00481481482  4.67930e+01  2.37153e-01  1.00000
54321.89323567627  0.00648148148  4.87039e+01  2.08532e-01  1.00000
54323.37175419480  0.00462962963  4.92859e+01  2.48208e-01  1.00000
54325.76230975035  0.00444444445  4.43844e+01  2.40400e-01  1.00000
54329.20916160220  0.01000000000  4.53726e+01  1.62041e-01  1.00000
54331.10323567627  0.01018518519  4.62383e+01  1.62086e-01  1.00000
54333.26879123183  0.01129629630  4.50463e+01  1.51911e-01  1.00000
54335.23064308368  0.01148148148  4.30752e+01  1.47348e-01  1.00000
54337.26092086146  0.01250000000  4.38822e+01  1.42534e-01  1.00000
54339.29064308368  0.01388888889  4.09691e+01  1.30654e-01  1.00000
54342.03008752812  0.00740740741  4.04716e+01  1.77816e-01  1.00000
54347.00471715776  0.00611111111  3.17403e+01  1.73370e-01  1.00000
54353.29592086146  0.01861111111  2.35288e+01  8.55345e-02  1.00000
54360.04369863924  0.01064814815  1.88226e+01  1.01142e-01  1.00000
54364.93480975035  0.01175925926  1.63692e+01  8.97535e-02  1.00000
54366.98360604665  0.00870370370  1.55789e+01  1.01776e-01  1.00000
54371.01156900961  0.00240740741  1.49967e+01  1.89868e-01  1.00000
54373.00823567627  0.03481481482  1.31021e+01  1.33424e-01  0.12234
54374.88453197257  0.07592592592  1.14967e+01  7.52186e-02  0.15488
54376.01193937998  0.00814814815  1.19405e+01  9.20894e-02  1.00000
54378.04221715775  0.00620370370  1.05436e+01  9.91739e-02  1.00000
54379.93175419480  0.01055555556  9.46357e+00  7.23483e-02  0.99123
54383.43629123183  0.42805555555  7.88741e+00  5.99856e-02  0.02963
54385.37175419480  0.00888888889  6.83956e+00  6.70799e-02  0.98958
54387.00082826887  0.00870370370  6.31741e+00  6.48105e-02  1.00000
54389.44092086146  0.00416666667  6.64329e+00  9.60562e-02  1.00000
54392.95592086146  0.00787037037  4.99404e+00  6.05977e-02  1.00000
54396.94805049109  0.00777777778  4.86474e+00  6.01631e-02  1.00000
54399.32008752813  0.00888888889  3.71417e+00  4.91740e-02  1.00000
54402.32971715776  0.00888888889  3.74381e+00  4.93698e-02  1.00000
54405.99156900961  0.00907407407  3.40193e+00  4.65790e-02  1.00000
54409.85666160220  0.00638888889  3.54108e+00  5.70497e-02  0.98551
54414.99768012072  0.00444444445  2.32632e+00  5.50369e-02  1.00000
54418.95675419479  0.00407407407  2.47463e+00  5.92883e-02  1.00000
54462.00508752813  0.01925925926  2.96368e+00  3.04327e-02  0.96154
54483.01258752812  0.00620370370  3.45814e+00  5.67968e-02  1.00000
54497.72943937998  0.00527777778  5.05592e+00  7.44565e-02  1.00000
54643.66925419479  0.01898148148  8.91548e+00  5.21357e-02  1.00000
54644.70508752813  0.00814814815  7.67627e+00  7.38369e-02  1.00000
54645.74962456517  0.00601851852  5.78655e+00  7.45922e-02  1.00000
54648.01555049109  0.42824074074  9.40927e+00  5.79694e-02  0.03784
54649.29425419479  0.00342592593  9.26682e+00  1.25114e-01  1.00000
54651.20601345405  0.33111111111  9.70792e+00  5.65101e-02  0.05313
54653.26388382442  0.49712962963  1.08872e+01  6.85036e-02  0.02701
54656.20601345405  0.49833333333  1.12504e+01  6.39381e-02  0.03196
54658.72480975035  0.00731481481  1.29568e+01  1.01246e-01  1.00000
54659.97406900961  0.00101851852  9.60169e+00  2.33570e-01  1.00000
54661.47777271332  0.49416666667  9.18746e+00  8.52559e-02  0.01480
54663.47388382442  0.49120370371  1.25672e+01  2.14949e-01  0.00320
54664.94499493553  0.00157407407  7.87575e+00  1.70162e-01  1.00000
54666.43175419480  0.47740740740  1.26092e+01  1.01167e-01  0.01493
54668.44536530590  0.49231481482  1.34776e+01  1.48886e-01  0.00715
54670.43943937998  0.49546296296  1.04167e+01  7.76416e-02  0.02018
54671.45416160220  0.49444444444  1.50523e+01  1.22200e-01  0.01180
54672.92564308368  0.00537037037  1.14921e+01  1.11282e-01  1.00000
54673.95138382442  0.01666666666  1.23937e+01  6.57831e-02  0.99444
54696.13721715776  0.07712962963  1.07074e+01  4.66131e-02  0.36975
54733.03990234294  0.01240740740  6.06591e+00  5.31907e-02  1.00000
54734.54971715776  0.27814814815  6.61686e+00  2.74460e-02  0.18276
54735.67351345405  0.14435185185  5.67739e+00  3.11368e-02  0.23477
54749.27175419479  0.01870370370  2.45092e+00  2.75378e-02  1.00000
54827.96860604665  0.01055555556  3.39193e-01  1.63482e-02  1.00000
54889.60740234293  0.47768518519  1.43320e+01  5.51975e-02  0.05699
54891.67758752812  0.43009259259  2.00816e+01  9.43473e-02  0.03036
54893.68332826886  0.49787037037  2.85619e+01  1.01288e-01  0.03236
54896.08434678738  0.14759259260  3.37464e+01  1.09471e-01  0.11041
54897.71184678738  0.01361111111  3.79561e+01  1.27035e-01  1.00000
54914.01147641701  0.00768518518  6.87799e+01  2.27579e-01  1.00000
54916.55064308367  0.08444444444  6.42063e+01  8.75111e-02  0.57456
54924.34156900960  0.01333333333  5.50704e+01  1.54603e-01  1.00000
55011.27286530589  0.08425925926  1.16309e+01  4.15040e-02  0.46374
55013.33055049108  0.04861111111  9.97420e+00  4.07721e-02  0.71429
55208.49314308367  0.00046296296  5.26616e+01  8.11339e-01  1.00000
55211.81953197256  0.00851851852  5.24797e+01  1.88817e-01  1.00000
55214.10369863923  0.01250000000  6.18371e+01  1.88300e-01  0.80741
55218.27805049108  0.46777777778  7.22805e+01  1.38355e-01  0.04671
55219.83434678738  0.35740740741  7.26081e+01  2.82160e-01  0.01477
55221.56203197256  0.00750000000  8.10736e+01  2.50114e-01  1.00000
55222.58212456516  0.00537037037  9.13928e+01  3.16562e-01  0.98276
55224.25490234293  0.48814814815  8.28343e+01  1.75546e-01  0.03187
55226.12008752812  0.40555555556  9.08985e+01  1.61432e-01  0.04977
55228.17360604664  0.43203703704  9.31107e+01  1.65681e-01  0.04544
55229.52156900960  0.01462962963  9.54725e+01  1.94953e-01  0.99367
55230.57851345404  0.00490740740  1.03483e+02  3.49331e-01  1.00000
55231.74277271330  0.01009259259  9.98439e+01  2.39270e-01  1.00000
55233.01397641700  0.00851851852  9.88677e+01  2.59163e-01  1.00000
55235.80860604663  0.01685185185  1.00645e+02  1.85909e-01  1.00000
55236.93601345404  0.00833333333  1.07447e+02  2.73160e-01  1.00000
55238.03073567626  0.00675925926  9.99603e+01  2.92545e-01  1.00000
55239.79943937997  0.01416666667  9.78268e+01  1.99905e-01  1.00000
55242.08397641701  0.00351851852  1.12867e+02  4.30856e-01  1.00000
55244.84036530589  0.01212962963  1.07030e+02  2.25974e-01  1.00000
55246.39582826885  0.00537037037  1.05367e+02  3.36960e-01  1.00000
55249.21564308368  0.32555555556  1.13398e+02  2.24998e-01  0.03982
55250.51536530590  0.00601851852  1.23571e+02  3.44700e-01  1.00000
55251.83647641700  0.01398148148  1.30297e+02  2.32231e-01  1.00000
55254.13416160219  0.00796296296  1.36358e+02  3.14797e-01  1.00000
55256.01990234293  0.00518518518  1.45322e+02  4.02728e-01  1.00000
55257.71703197256  0.01212962963  1.58966e+02  2.75395e-01  1.00000
55260.12536530590  0.33342592592  1.73176e+02  1.75853e-01  0.09720
55261.02008752812  0.18222222222  1.82287e+02  1.35014e-01  0.31758
55262.93471715775  0.00500000000  1.93052e+02  4.77133e-01  0.98148
55264.27258752812  0.00212962963  2.03402e+02  7.43454e-01  1.00000
55267.26286530589  0.47648148148  2.25622e+02  2.40895e-01  0.04722
55269.10101345404  0.46870370370  2.33789e+02  2.77316e-01  0.03753
55271.07740234293  0.50009259259  2.47785e+02  2.22436e-01  0.05795
55271.58693937997  0.00944444444  2.58945e+02  3.98330e-01  1.00000
55273.31240234293  0.50009259259  2.82008e+02  2.63943e-01  0.04684
55274.07749493553  0.26500000000  2.93654e+02  3.26658e-01  0.06010
55277.47795789849  0.00416666667  3.42646e+02  6.89853e-01  1.00000
55279.57147641700  0.00490740740  3.86784e+02  6.75361e-01  1.00000
55281.59212456516  0.00925925926  4.13219e+02  5.08195e-01  1.00000
55283.29934678737  0.14055555555  4.45445e+02  1.57803e-01  0.73650
55286.26249493552  0.48481481482  4.73424e+02  6.23962e-01  0.01451
55287.99258752812  0.40046296296  4.98389e+02  3.61773e-01  0.05503
55289.62888382441  0.01046296296  5.16954e+02  5.62816e-01  0.90265
55291.19740234294  0.47175925926  5.36758e+02  5.11946e-01  0.02512
55292.94119863923  0.16166666667  5.78190e+02  5.70576e-01  0.06357
55294.56990234293  0.44407407408  5.80860e+02  5.77115e-01  0.02273
55296.25573567626  0.00083333333  6.25182e+02  2.08364e+00  1.00000
55298.28842086145  0.41462962963  6.80119e+02  7.07168e-01  0.01898
55300.05638382441  0.28944444445  7.57594e+02  6.81331e-01  0.03263
55301.36295789848  0.43638888889  8.02428e+02  5.96394e-01  0.02992
55302.20147641700  0.00009259259  8.75281e+02  7.39629e+00  1.00000
55304.72351345404  0.00768518518  1.07415e+03  8.99358e-01  1.00000
55311.39184678737  0.00009259259  7.95714e+02  7.05210e+00  1.00000
55315.91379123182  0.21222222222  9.31696e+02  8.04370e-01  0.03927
55318.44906900960  0.00731481481  7.85824e+02  7.88477e-01  1.00000
55321.98212456515  0.25833333333  8.02822e+02  8.99609e-01  0.02222
55323.70814308367  0.49490740741  8.15526e+02  8.08372e-01  0.01459
55324.75666160219  0.49898148148  7.65779e+02  4.33233e-01  0.04732
55325.33453197256  0.07407407408  7.16176e+02  4.79107e-01  0.24375
55326.77703197256  0.49324074074  7.27338e+02  5.01151e-01  0.03398
55328.40962456515  0.00694444445  6.58549e+02  7.40804e-01  1.00000
55329.91351345404  0.39138888889  6.36560e+02  6.47139e-01  0.02247
55331.55212456515  0.00592592593  5.66290e+02  7.43651e-01  1.00000
55332.57008752812  0.00277777778  5.30206e+02  1.05100e+00  1.00000
55333.64638382441  0.00500000000  5.40020e+02  7.90584e-01  1.00000
55335.30564308367  0.10314814815  5.36803e+02  2.73658e-01  0.40215
55336.37462456516  0.01342592592  5.34983e+02  4.80204e-01  1.00000
55338.88906900960  0.37101851852  5.08321e+02  4.54202e-01  0.03843
55340.69795789849  0.41305555556  4.97854e+02  4.80091e-01  0.03026
55343.44156900959  0.00481481482  4.90594e+02  8.64787e-01  0.78846
55345.03314308367  0.17009259259  4.85746e+02  5.07228e-01  0.06424
55346.24249493553  0.00703703704  4.85423e+02  6.31820e-01  1.00000
55347.35582826886  0.00907407407  4.99403e+02  5.64355e-01  1.00000
55348.74962456516  0.00787037037  4.96513e+02  6.04221e-01  1.00000
55350.07018012070  0.09787037037  4.78180e+02  4.92928e-01  0.11637
55351.97693937997  0.28555555555  4.82987e+02  5.26253e-01  0.03534
55354.03703197256  0.25435185185  4.82989e+02  4.89467e-01  0.04587
55356.15249493552  0.41907407407  4.87367e+02  4.66449e-01  0.03093
55357.95592086145  0.46268518519  4.76481e+02  2.92113e-01  0.06984
55359.43888382441  0.49398148148  4.83399e+02  3.71425e-01  0.04105
55361.40045789849  0.42777777778  4.88648e+02  5.55419e-01  0.02143
55363.09712456515  0.43037037037  4.90687e+02  4.49180e-01  0.03270
55365.25666160219  0.29694444444  4.97492e+02  5.39065e-01  0.03336
55366.94934678738  0.43407407407  4.95074e+02  4.63547e-01  0.03072
55368.93916160219  0.39074074074  4.89917e+02  5.18261e-01  0.02701
55370.09814308367  0.00453703704  4.90185e+02  7.90718e-01  1.00000
55371.29990234293  0.00518518519  4.92391e+02  7.41312e-01  1.00000
55372.47555049108  0.00620370371  4.88996e+02  6.75391e-01  1.00000
55374.82814308367  0.39916666667  4.88400e+02  4.60412e-01  0.03340
55376.01027271331  0.00166666667  5.05622e+02  1.32500e+00  1.00000
55377.65758752811  0.49379629630  4.91213e+02  4.99600e-01  0.02306
55380.41305049108  0.43703703704  4.80340e+02  3.94399e-01  0.04089
55381.77545789849  0.48907407407  4.78596e+02  4.11091e-01  0.03351
55383.39545789848  0.00574074074  4.76484e+02  6.98714e-01  0.98387
55405.82480975034  0.00379629630  4.26921e+02  8.06718e-01  1.00000
55408.36953197256  0.00759259259  4.04350e+02  5.55152e-01  1.00000
55410.11305049108  0.00814814815  4.14275e+02  5.42429e-01  1.00000
55416.87147641700  0.00157407407  4.02218e+02  1.67128e+00  0.52941
55419.87777271330  0.00138888889  4.12601e+02  1.31117e+00  1.00000
55420.92453197256  0.00018518518  3.98926e+02  3.53078e+00  1.00000
55422.75129123182  0.00157407407  3.82526e+02  1.18589e+00  1.00000
55426.37406900960  0.43379629629  3.86413e+02  5.12356e-01  0.01964
55429.73934678738  0.00037037037  3.66093e+02  2.39170e+00  1.00000
55431.05656900960  0.00296296296  3.89414e+02  8.72110e-01  1.00000
55432.57119863923  0.41148148148  3.89629e+02  5.55203e-01  0.01778
55433.73897641701  0.00462962963  3.85054e+02  6.93771e-01  1.00000
55436.75184678737  0.00287037037  3.87613e+02  8.84012e-01  1.00000
55440.19943937997  0.00509259259  3.78797e+02  6.56088e-01  1.00000
55442.86332826885  0.00416666667  3.77393e+02  7.23987e-01  1.00000
55445.38656900960  0.49314814815  3.74840e+02  4.72355e-01  0.01971
55448.81249493553  0.00481481482  3.80238e+02  6.82626e-01  0.98077
55450.64814308367  0.46750000000  3.78636e+02  4.91403e-01  0.01941
55453.27536530589  0.00842592593  3.86838e+02  5.15447e-01  1.00000
55454.86832826886  0.37398148148  3.79244e+02  3.97515e-01  0.03714
55457.11147641701  0.00453703704  3.85324e+02  7.01060e-01  1.00000
55458.16953197256  0.01074074074  3.84147e+02  4.54946e-01  1.00000
55460.24629123182  0.49175925926  3.87973e+02  7.69040e-01  0.00772
55461.64879123182  0.00425925926  3.90542e+02  7.28442e-01  1.00000
55463.15286530589  0.46037037037  3.86349e+02  5.36155e-01  0.01689
55464.52082826885  0.00722222222  3.89889e+02  5.58937e-01  1.00000
55466.24119863923  0.31277777778  3.83127e+02  3.89299e-01  0.04677
55467.66119863922  0.00351851852  3.80536e+02  7.91127e-01  1.00000
55469.19832826886  0.42398148148  3.67399e+02  7.67320e-01  0.00852
55470.68647641700  0.37120370370  3.72646e+02  4.33388e-01  0.03093
55472.42416160219  0.00777777778  3.76197e+02  5.29064e-01  1.00000
55475.56656900959  0.00555555556  3.72751e+02  6.96673e-01  0.80000
55476.93842086145  0.00648148148  3.67299e+02  5.72665e-01  1.00000
55478.74018012071  0.00564814814  3.64126e+02  6.10803e-01  1.00000
55479.98425419479  0.00824074074  3.54390e+02  4.98868e-01  1.00000
55481.57490234293  0.00148148148  3.59766e+02  1.18547e+00  1.00000
55482.88240234293  0.00731481481  3.42495e+02  5.20539e-01  1.00000
55485.42230975034  0.47703703704  3.35942e+02  3.75387e-01  0.02892
55487.42175419479  0.49833333333  3.36660e+02  3.60394e-01  0.03010
55489.61897641700  0.46037037037  3.39233e+02  3.81077e-01  0.02936
55490.98230975034  0.00888888889  3.37245e+02  4.68573e-01  1.00000
55492.09629123182  0.00953703704  3.34869e+02  4.50774e-01  1.00000
55494.56823567627  0.00481481482  3.28518e+02  6.28374e-01  1.00000
55497.83851345404  0.00731481481  3.21372e+02  5.07454e-01  0.98734
55499.86397641701  0.00703703703  3.21319e+02  5.14045e-01  1.00000
55500.91360604664  0.00555555556  3.22245e+02  5.79372e-01  1.00000
55501.96314308367  0.00509259259  3.24677e+02  6.07414e-01  1.00000
55503.00916160219  0.00777777778  3.12944e+02  4.82540e-01  1.00000
55504.04443937997  0.00490740741  3.06191e+02  6.00895e-01  1.00000
55505.69082826885  0.47611111111  3.13587e+02  3.89784e-01  0.02509
55507.76795789848  0.00527777778  3.14190e+02  5.86947e-01  1.00000
55508.81545789848  0.00722222222  3.12716e+02  5.00573e-01  1.00000
55510.13786530589  0.00518518518  3.08219e+02  5.86511e-01  1.00000
55511.73175419479  0.41759259259  3.10950e+02  3.94303e-01  0.02772
55514.82768012071  0.00888888889  3.03303e+02  4.44368e-01  1.00000
55516.30045789848  0.42518518518  2.98449e+02  3.89424e-01  0.02679
55517.91971715775  0.00722222222  2.97338e+02  4.88110e-01  1.00000
55519.91268012070  0.49500000000  2.91093e+02  3.84595e-01  0.02301
55522.35916160219  0.00407407407  2.85442e+02  6.36755e-01  1.00000
55523.77675419478  0.00796296296  2.77825e+02  4.49341e-01  1.00000
55525.66925419479  0.00583333333  2.74941e+02  5.26458e-01  0.98413
55559.59175419479  0.00444444444  1.53822e+02  4.47536e-01  1.00000
55561.05768012071  0.00407407407  1.51809e+02  4.64367e-01  1.00000
55563.14786530589  0.00425925926  1.39347e+02  4.35121e-01  1.00000
55565.82740234293  0.00305555556  1.34169e+02  5.04092e-01  1.00000
55567.91740234293  0.00342592593  1.50122e+02  5.03572e-01  1.00000
55573.47268012071  0.00111111111  1.42271e+02  8.60809e-01  1.00000
55574.88295789849  0.00601851852  1.10784e+02  3.26378e-01  1.00000
55576.86323567627  0.00833333334  1.23277e+02  2.92591e-01  1.00000
55578.88943937997  0.00805555556  1.09820e+02  2.80880e-01  1.00000
55580.62851345404  0.00768518519  1.20990e+02  3.03674e-01  0.98795
55582.71490234293  0.00314814815  1.09432e+02  4.48511e-01  1.00000
55584.37619863923  0.00166666666  9.54154e+01  5.75590e-01  1.00000
55586.42592086145  0.47824074074  1.06223e+02  2.41322e-01  0.02207
55587.37601345404  0.13018518519  8.74633e+01  3.15262e-01  0.03912
55588.88092086145  0.32953703704  8.09630e+01  2.68865e-01  0.01967
55590.44184678738  0.00342592593  7.97167e+01  3.66956e-01  1.00000
55591.62360604663  0.00759259259  8.78354e+01  2.58743e-01  1.00000
55593.12860604664  0.39425925926  7.83559e+01  1.81905e-01  0.03476
55594.90240234293  0.00712962963  7.36179e+01  2.44448e-01  1.00000
55597.26342086145  0.00555555556  6.77790e+01  2.65713e-01  1.00000
55598.67749493552  0.00814814815  6.39898e+01  2.13184e-01  1.00000
55601.89138382441  0.01037037037  5.30835e+01  1.72112e-01  1.00000
55604.44795789849  0.46009259260  4.21214e+01  1.44546e-01  0.02536
55607.33684678738  0.43861111111  3.25393e+01  1.18430e-01  0.03061
55609.84703197256  0.00712962963  2.38739e+01  1.39205e-01  1.00000
55611.61286530590  0.00833333334  1.90049e+01  1.14882e-01  1.00000
55613.72499493552  0.00379629630  1.45861e+01  1.49114e-01  1.00000
55615.46240234294  0.00490740741  1.23330e+01  1.20597e-01  1.00000
55617.07147641700  0.49287037037  1.11785e+01  7.06428e-02  0.02630
55626.56018012071  0.00231481482  6.42887e+00  1.26776e-01  1.00000
55628.67897641701  0.00888888889  6.02650e+00  6.26378e-02  1.00000
55630.25249493552  0.00407407407  5.85564e+00  9.12013e-02  1.00000
55632.07564308367  0.00703703704  5.35340e+00  6.63511e-02  1.00000
55634.09749493553  0.00259259259  4.99198e+00  1.05559e-01  1.00000
55636.21638382442  0.01425925926  4.07856e+00  6.87063e-02  0.35065
55639.13027271330  0.39740740741  3.40842e+00  3.38423e-02  0.04334
55646.30536530590  0.00712962963  2.24295e+00  4.26682e-02  1.00000
55649.65147641701  0.00361111111  2.07590e+00  5.76780e-02  1.00000
55656.29499493552  0.00398148148  1.26800e+00  4.34385e-02  0.97674
