# src_name=GX_339-4
# time_[MJD]       half_width_[d]  count_rate    error       fracexp   
#
50290.80406900964  0.03972222222  2.19963e+01  6.50389e-02  0.75758
50373.15258752815  0.06064814815  4.86349e+00  2.92206e-02  0.54351
50385.98638382445  0.04481481481  8.18545e+00  3.79085e-02  0.73554
50482.85147641704  0.18657407407  2.24681e+01  4.45670e-02  0.35087
50487.71934678742  0.12055555555  2.09701e+01  3.94300e-02  0.64747
50489.75268012074  0.08703703704  1.98156e+01  4.31876e-02  0.70638
50493.45490234297  0.43537037037  1.94438e+01  2.96750e-02  0.29349
50496.87740234297  0.10750000000  1.89818e+01  4.42094e-02  0.52283
50543.37277271334  0.01268518519  1.91083e+01  9.37091e-02  0.99270
50548.50721715778  0.01231481482  2.25612e+01  1.02966e-01  1.00000
50549.57684678741  0.01064814815  2.26738e+01  1.11008e-01  1.00000
50551.85934678742  0.00870370370  2.36962e+01  1.94871e-01  0.41489
50553.87416160223  0.01203703704  2.33115e+01  1.05865e-01  1.00000
50555.99786530593  0.00833333333  2.42839e+01  1.36048e-01  0.91111
50557.94277271334  0.01212962963  2.33786e+01  1.05612e-01  1.00000
50560.92499493556  0.01175925926  2.21093e+01  1.04310e-01  1.00000
50597.47693938001  0.08555555556  1.29676e+01  3.62432e-02  0.66775
50636.43073567630  0.08601851852  5.49630e+00  2.33881e-02  0.67600
50683.39518012074  0.21250000000  1.57604e+01  3.72472e-02  0.30937
50711.06943938000  0.14620370371  2.00658e+01  4.37236e-02  0.41545
50743.17906900963  0.05287037037  1.86608e+01  5.25713e-02  0.73905
50746.18666160222  0.04583333333  1.58393e+01  5.37232e-02  0.69293
50749.65851345408  0.24138888889  1.30954e+01  4.25529e-02  0.17338
50752.86073567630  0.04027777778  1.15318e+01  4.92618e-02  0.68276
50755.91453197259  0.05500000000  1.12946e+01  3.90467e-02  0.77946
50828.54814308370  0.38287037037  2.11441e+00  1.82448e-02  0.09601
50829.55138382445  0.38018518519  2.08778e+00  1.89596e-02  0.08841
50830.76480975037  0.37398148148  2.47721e+00  2.05675e-02  0.09062
50865.64101345408  0.00907407407  1.54632e+00  3.14034e-02  1.00000
50874.35545789852  0.04388888889  3.60378e-01  8.74873e-03  0.75316
51191.11443937999  0.12046296296  3.30281e+00  1.60333e-02  0.61722
51201.10786530592  0.11925925926  2.87860e+00  1.46699e-02  0.64907
51221.99138382444  0.08611111111  9.55822e+00  3.74916e-02  0.45699
51240.95869863925  0.05379629630  1.04197e+01  3.99519e-02  0.70224
51270.63230975036  0.08611111111  1.09093e+01  3.44954e-02  0.61613
51290.58462456518  0.12324074074  5.19176e+00  1.99047e-02  0.61533
51295.27832826888  0.07972222222  4.62311e+00  2.21112e-02  0.68641
51303.01721715777  0.08694444444  3.15856e+00  1.77298e-02  0.66880
51312.67332826888  0.08601851852  1.70244e+00  1.31964e-02  0.65770
51323.55416160221  0.04574074074  6.31601e-01  1.11162e-02  0.69636
51332.28490234296  0.05333333333  3.73936e-01  8.31045e-03  0.72569
51341.04999493554  0.48250000000  2.58020e-01  8.06351e-03  0.07311
51343.04869863925  0.48305555555  2.00314e-01  6.09451e-03  0.11463
51351.89860604666  0.34185185185  1.56885e-01  4.36196e-03  0.30661
51353.59184678740  0.50009259259  1.13471e-01  8.55779e-03  0.05647
51354.20082826888  0.10888888889  1.23437e-01  7.78874e-03  0.28741
51366.66036530591  0.11935185185  8.21734e-02  5.14991e-03  0.60047
51370.35555049111  0.08601851852  2.98049e-02  6.19448e-03  0.55544
51375.48230975036  0.01944444444  3.76819e-02  1.00049e-02  0.99048
51388.43230975036  0.12111111111  6.90876e-02  5.45412e-03  0.52141
51396.13305049110  0.07666666667  6.59818e-02  6.36896e-03  0.58575
51407.35582826888  0.12018518518  9.71423e-02  5.21536e-03  0.56857
51418.23897641703  0.08425925926  8.80851e-02  6.39268e-03  0.54176
51425.24443937999  0.10009259259  1.13241e-01  6.16743e-03  0.51896
51441.43675419480  0.25074074074  3.44325e-01  5.96374e-03  0.29173
51966.00249493554  0.38185185185  5.77748e-02  5.67321e-03  0.14500
51974.12656900962  0.07000000000  5.42040e-02  2.00852e-02  0.06217
51979.69823567629  0.01185185185  4.59240e-02  1.23604e-02  1.00000
51985.93212456518  0.00537037037  2.20957e-02  1.90886e-02  1.00000
51997.15314308369  0.00305555555  8.64483e-02  2.09423e-02  1.00000
52003.35629123184  0.00657407407  1.64693e-01  1.72729e-02  1.00000
52008.61869863925  0.00472222222  3.15348e-02  1.92634e-02  1.00000
52016.57258752814  0.00435185185  9.19708e-03  2.16676e-02  1.00000
52023.66749493555  0.00611111111  8.00659e-03  1.67038e-02  1.00000
52030.80203197258  0.00083333333  -5.08540e-02  4.57664e-02  1.00000
52038.78508752814  0.00481481482  1.05730e-01  1.97868e-02  1.00000
52043.26147641703  0.00564814815  3.30873e-02  1.64870e-02  1.00000
52058.13379123184  0.00018518518  1.88761e-01  7.68036e-02  1.00000
52066.44527271332  0.00407407407  -6.36845e-03  2.28907e-02  1.00000
52073.95971715777  0.00074074074  1.96400e-01  5.88024e-02  1.00000
52078.25740234296  0.00379629630  -2.39560e-03  2.40096e-02  1.00000
52096.00564308369  0.00333333333  9.24356e-02  2.46876e-02  1.00000
52102.24110604665  0.00638888889  2.55428e-02  1.69526e-02  1.00000
52114.91277271332  0.00194444445  -5.66328e-02  3.50712e-02  1.00000
52122.26610604666  0.00194444444  -1.03640e-01  3.09573e-02  1.00000
52128.56768012073  0.00092592592  -5.28428e-02  3.81462e-02  1.00000
52136.98203197258  0.00342592593  4.21097e-02  2.33402e-02  1.00000
52141.88008752814  0.00518518519  1.05520e-01  1.91849e-02  1.00000
52150.99045789851  0.00648148148  3.49193e-02  1.69491e-02  1.00000
52155.78749493555  0.00222222223  -7.89392e-02  3.12428e-02  1.00000
52165.50879123184  0.00314814815  7.66845e-02  2.35837e-02  1.00000
52177.14360604665  0.00222222222  2.04406e-02  2.51815e-02  1.00000
52183.98842086147  0.00462962963  5.13515e-02  1.85954e-02  1.00000
52192.78082826888  0.00648148148  5.29161e-02  1.66855e-02  1.00000
52207.94499493555  0.00490740741  8.37594e-02  1.80718e-02  1.00000
52212.96230975036  0.00500000000  -1.16227e-02  1.75553e-02  1.00000
52221.69508752813  0.00611111111  6.59185e-02  1.81277e-02  1.00000
52228.46564308369  0.00111111111  -2.36572e-02  3.78730e-02  1.00000
52234.88629123184  0.00527777778  2.25894e-01  1.99564e-02  1.00000
52238.34425419480  0.00287037037  3.72035e-02  2.38755e-02  1.00000
52270.86536530592  0.00694444445  1.05549e-01  1.57406e-02  0.98667
52275.82740234295  0.00527777778  8.32504e-03  1.77361e-02  0.98246
52281.84814308370  0.00527777778  -2.43223e-02  1.93399e-02  1.00000
52288.59425419480  0.00583333333  5.34633e-02  1.70194e-02  1.00000
52296.91823567629  0.00500000000  1.46785e-01  1.84875e-02  1.00000
52303.25906900962  0.00416666667  4.27044e-02  2.02745e-02  1.00000
52311.39758752814  0.00120370370  -1.67767e-01  3.92301e-02  1.00000
52317.66943937999  0.00435185185  3.71129e-02  1.85860e-02  1.00000
52324.41045789851  0.00018518518  -3.07124e-01  9.79674e-02  1.00000
52332.20425419480  0.00287037037  7.75816e-02  2.28135e-02  1.00000
52339.12332826888  0.00027777778  1.98490e-01  8.50700e-02  1.00000
52345.05795789851  0.00453703704  1.68834e-01  2.09290e-02  1.00000
52350.07888382443  0.00657407408  2.65203e-01  1.82036e-02  1.00000
52359.64860604666  0.00481481481  1.32341e+00  3.98828e-02  1.00000
52366.60684678740  0.00490740741  2.43609e+01  1.71114e-01  0.98113
52367.81332826888  0.05212962963  3.66887e+01  7.46033e-02  0.73179
52371.55369863925  0.00731481481  7.14798e+01  2.37803e-01  1.00000
52373.24230975036  0.00407407407  8.83911e+01  3.54338e-01  1.00000
52374.42888382444  0.00305555555  9.19883e+01  4.17397e-01  1.00000
52377.10036530592  0.00379629630  9.87721e+01  4.53625e-01  0.73171
52379.14758752814  0.00324074074  1.13842e+02  4.50876e-01  1.00000
52381.62230975036  0.49925925926  1.21332e+02  3.17978e-01  0.01391
52383.10675419480  0.00518518519  1.25721e+02  4.60832e-01  0.66071
52384.57480975036  0.45009259259  1.27770e+02  2.42318e-01  0.02798
52385.78749493555  0.32259259259  1.28030e+02  2.20889e-01  0.04707
52387.33082826888  0.40518518519  1.32239e+02  1.40113e-01  0.09621
52388.06110604666  0.00509259259  1.34337e+02  1.02446e+00  0.14545
52389.07768012073  0.00055555555  1.29926e+02  1.16335e+00  1.00000
52391.19730975036  0.29074074074  1.35229e+02  1.62772e-01  0.10159
52394.44536530592  0.00935185185  1.36292e+02  2.90412e-01  1.00000
52398.67212456517  0.00277777778  1.31645e+02  2.02828e+00  0.06667
52400.91406900962  0.08157407408  1.24884e+02  1.46839e-01  0.41090
52402.50230975036  0.00277777778  9.38024e+01  1.08283e+00  0.16667
52406.22499493555  0.48824074074  6.18163e+01  1.63799e-01  0.02731
52416.60499493555  0.00101851852  3.43539e+01  1.03613e+00  0.18182
52419.42277271333  0.17879629630  2.23422e+01  9.08991e-02  0.08752
52426.65351345406  0.00527777778  1.81488e+01  1.66331e-01  0.71930
52430.66166160221  0.00305555556  1.10537e+01  1.44690e-01  1.00000
52431.86101345406  0.07481481481  1.16165e+01  9.97279e-02  0.09035
52433.10990234296  0.00740740741  1.00331e+01  8.85347e-02  1.00000
52437.44156900962  0.00074074074  1.78985e+01  3.73941e-01  1.00000
52438.64971715776  0.20166666666  9.41573e+00  4.75752e-02  0.11938
52440.06980975036  0.44305555556  5.53073e+00  4.14699e-02  0.04201
52441.02638382444  0.27222222222  5.41646e+00  2.69818e-02  0.15816
52441.90971715777  0.02851851852  5.12265e+00  4.66690e-02  0.47727
52443.44758752814  0.00305555555  4.06516e+00  9.88536e-02  0.78788
52448.34712456517  0.00462962963  8.13541e+00  1.55604e-01  0.42000
52451.74073567629  0.16009259259  1.33069e+00  2.33914e-02  0.08791
52454.04018012073  0.00083333334  5.07370e+00  1.87707e-01  1.00000
52459.36203197259  0.34453703704  1.00432e+01  7.17292e-02  0.03279
52468.45869863925  0.00175925926  7.10924e+00  3.33289e-01  0.21053
52479.91545789851  0.00351851852  4.72719e+00  8.81759e-02  1.00000
52483.83453197258  0.00092592593  1.05913e+01  2.57285e-01  1.00000
52487.36480975036  0.30490740741  9.17247e+00  5.87664e-02  0.05041
52495.33314308369  0.05120370370  1.29512e+01  4.67728e-02  0.66908
52499.97564308369  0.00148148148  1.06141e+01  4.70241e-01  0.18750
52502.87277271332  0.00101851852  1.36110e+01  2.78092e-01  1.00000
52504.81582826888  0.03481481482  1.03993e+01  2.23599e-01  0.03457
52508.01897641702  0.00518518519  1.67385e+01  1.36680e-01  1.00000
52511.05369863925  0.00527777778  1.04017e+01  1.06796e-01  1.00000
52514.08842086147  0.00518518519  8.52007e+00  9.75141e-02  1.00000
52517.86906900962  0.00027777778  1.71035e+01  5.96928e-01  1.00000
52529.59342086147  0.00666666667  2.82754e+01  1.56667e-01  1.00000
52536.11805049110  0.00277777778  2.64038e+01  2.73881e-01  0.73333
52543.24332826887  0.00175925926  8.08622e+00  1.97170e-01  0.68421
52546.24351345406  0.39768518518  1.60102e+01  1.02630e-01  0.02212
52547.26092086147  0.00009259259  1.47698e+01  9.60786e-01  1.00000
52553.12008752814  0.00370370370  3.95822e+00  8.65830e-02  0.82500
52555.55212456518  0.26055555556  9.95417e+00  6.33544e-02  0.05508
52558.63897641703  0.00555555556  9.65332e+00  1.00277e-01  1.00000
52560.43221715777  0.01824074074  5.56859e+00  4.20319e-02  1.00000
52562.92610604665  0.00546296296  2.25371e+00  4.88610e-02  1.00000
52565.81869863925  0.00546296296  3.81373e+00  6.35607e-02  1.00000
52574.32518012073  0.00472222222  4.78217e+00  7.65539e-02  1.00000
52577.81018012073  0.00490740740  3.31104e+00  6.24863e-02  1.00000
52579.76943937999  0.08953703703  3.10817e+00  3.18084e-02  0.19855
52584.41045789851  0.00203703704  2.37999e+00  9.64200e-02  0.72727
52591.96175419481  0.00222222222  1.27709e+00  5.76695e-02  1.00000
52595.55527271333  0.26462962963  8.22335e-01  1.38419e-02  0.09447
52597.33499493555  0.00601851852  1.18483e+00  3.37529e-02  1.00000
52600.79582826888  0.00351851852  2.46698e+00  6.36987e-02  1.00000
52603.70193937999  0.00500000000  1.81804e+00  4.63025e-02  0.98148
52635.71536530592  0.00546296296  2.48899e-01  1.81923e-02  1.00000
52640.31703197258  0.00101851852  4.21194e-01  5.43651e-02  1.00000
52642.15193937999  0.00148148148  5.29456e-01  5.86386e-02  0.62500
52647.10166160221  0.01842592593  3.92315e-01  1.19747e-02  1.00000
52650.14434678740  0.00500000000  7.23296e-01  2.89335e-02  1.00000
52652.17184678740  0.01768518518  6.19994e-01  1.44412e-02  1.00000
52654.59592086147  0.00453703704  1.01357e+00  3.60001e-02  1.00000
52657.11999493554  0.00435185185  1.91164e+00  5.04190e-02  1.00000
52658.94416160221  0.01666666667  2.57091e+00  2.98777e-02  1.00000
52660.64805049110  0.00518518518  3.80179e+00  6.51388e-02  1.00000
52663.47249493554  0.00425925926  2.57416e+00  5.91397e-02  1.00000
52667.23712456517  0.21629629630  2.47384e+00  2.70698e-02  0.09033
52671.26221715777  0.00305555556  5.20805e+00  9.93163e-02  1.00000
52675.65573567629  0.00509259259  3.50768e+00  7.49752e-02  0.70909
52676.97221715777  0.01731481482  2.76893e+00  3.05028e-02  0.99465
52678.96203197258  0.00453703704  3.33573e+00  6.52285e-02  1.00000
52680.53758752813  0.33250000000  1.46904e+00  1.95592e-02  0.06683
52684.35953197259  0.00185185185  8.14431e-01  5.04490e-02  1.00000
52686.26305049111  0.00222222222  1.31985e+00  5.86269e-02  1.00000
52687.99823567629  0.31018518519  1.08359e+00  1.91003e-02  0.05582
52688.89656900962  0.00407407407  1.02101e+00  3.80829e-02  1.00000
52690.92305049110  0.07740740741  8.91193e-01  1.48415e-02  0.30263
52693.73758752814  0.00268518518  2.69083e+00  7.61526e-02  1.00000
52694.94462456518  0.01583333333  3.36373e+00  3.50633e-02  1.00000
52696.48045789851  0.11814814815  3.95415e+00  1.58077e-02  0.77508
52700.60184678739  0.00675925926  2.89377e+00  4.97749e-02  1.00000
52704.02156900962  0.00481481482  3.48937e+00  6.47608e-02  1.00000
52706.87647641703  0.10768518518  4.67902e+00  2.15965e-02  0.53912
52707.92156900962  0.00537037037  3.10412e+00  5.78356e-02  1.00000
52710.30286530592  0.44185185185  3.43775e+00  1.66183e-02  0.16303
52711.51443937999  0.00620370370  3.93208e+00  6.05639e-02  1.00000
52713.28823567629  0.20407407407  2.66556e+00  1.92624e-02  0.20372
52716.28916160221  0.44259259259  1.35467e+00  8.60287e-03  0.23933
52717.84082826888  0.34555555556  2.60825e+00  2.42154e-02  0.07449
52719.23610604666  0.00250000000  3.71441e+00  9.27263e-02  1.00000
52724.23453197259  0.00203703704  4.93640e+00  1.18422e-01  1.00000
52727.26055049110  0.00120370370  6.39889e+00  1.75396e-01  1.00000
52731.84443937999  0.28064814815  8.31799e+00  4.68355e-02  0.07819
52734.23101345406  0.00148148148  8.89395e+00  1.86392e-01  1.00000
52735.65980975036  0.01953703703  8.81187e+00  5.10896e-02  1.00000
52737.25693937999  0.00092592593  8.81622e+00  2.34737e-01  1.00000
52739.80305049110  0.21759259259  7.67837e+00  4.30452e-02  0.11021
52742.20073567628  0.50009259259  7.05211e+00  1.73393e-02  0.27143
52742.74258752813  0.04175925926  6.83068e+00  4.11597e-02  0.55876
52747.19805049110  0.22277777778  4.97038e+00  4.22532e-02  0.07232
52750.39203197258  0.01527777778  3.67679e+00  3.73192e-02  1.00000
52751.56980975036  0.00453703704  3.39982e+00  6.58522e-02  1.00000
52756.21314308369  0.17416666667  2.31333e+00  2.30980e-02  0.14407
52760.22166160221  0.00046296296  1.75889e+00  1.48277e-01  1.00000
52763.34786530591  0.00555555556  1.51760e+00  3.97597e-02  1.00000
52765.65749493554  0.01722222222  1.52635e+00  2.36888e-02  0.91398
52766.89443937999  0.00490740740  1.35913e+00  4.00343e-02  1.00000
52769.09379123185  0.00203703704  1.24755e+00  5.95331e-02  1.00000
52774.45471715777  0.00500000000  7.12688e-01  2.88197e-02  1.00000
52777.11601345407  0.00129629630  7.00102e-01  5.59058e-02  1.00000
52779.93555049110  0.00268518519  6.19253e-01  3.80569e-02  1.00000
52784.01666160221  0.00342592593  4.62537e-01  2.95521e-02  1.00000
52790.29619863925  0.00444444444  5.35488e-01  2.77412e-02  1.00000
52794.40323567628  0.00722222222  3.62626e-01  1.88499e-02  1.00000
52796.64555049110  0.00324074074  2.47537e-01  2.62756e-02  1.00000
52802.26879123184  0.00407407407  1.81590e-01  2.14388e-02  1.00000
52804.51721715777  0.00509259259  2.39008e-01  1.93017e-02  1.00000
52808.45443937999  0.00398148148  1.99658e-01  2.25975e-02  1.00000
52812.14138382443  0.00500000000  1.98947e-01  2.02553e-02  1.00000
52815.48980975036  0.00472222222  1.31382e-01  1.97342e-02  1.00000
52818.67397641703  0.00425925926  1.32923e-01  2.21515e-02  1.00000
52822.80619863925  0.00425925926  -6.46406e-02  3.38415e-02  0.45652
52826.07277271332  0.00416666667  4.09255e-02  2.13794e-02  1.00000
52828.99601345406  0.00074074074  -1.51830e-01  5.05967e-02  1.00000
52833.32416160221  0.00574074074  4.61117e-02  1.78625e-02  1.00000
52838.65527271332  0.00351851852  5.10318e-02  2.03862e-02  1.00000
52844.86860604666  0.49703703704  7.16252e-02  1.67278e-02  0.01546
52849.43999493554  0.00509259259  8.57948e-02  1.66358e-02  1.00000
52854.41564308370  0.00314814815  -2.39596e-02  2.19346e-02  1.00000
52857.90249493554  0.00314814815  4.57965e-02  2.34856e-02  1.00000
52870.26999493554  0.00453703704  1.63664e-01  3.34722e-02  0.40816
52874.98462456517  0.00601851852  9.63776e-02  1.73212e-02  1.00000
52883.74980975036  0.00027777778  -4.96924e-02  6.59178e-02  1.00000
52891.01499493555  0.00453703704  -4.78593e-02  2.05989e-02  1.00000
52898.18101345406  0.00222222222  1.06327e-01  2.70329e-02  1.00000
52904.16212456518  0.00240740741  -1.06973e-02  2.42005e-02  1.00000
52911.20740234296  0.19675925926  5.43245e-02  6.99381e-03  0.17224
52926.05268012073  0.00500000000  1.04430e-01  1.93891e-02  1.00000
52932.51462456518  0.00416666667  1.04287e-01  2.13163e-02  1.00000
52938.85860604666  0.00314814815  8.06047e-02  2.39427e-02  1.00000
52944.60397641703  0.00092592592  3.53613e-01  4.90443e-02  1.00000
52953.59768012073  0.00296296296  -2.33561e-02  2.32063e-02  1.00000
52960.15601345406  0.00518518518  -6.72033e-02  1.84242e-02  1.00000
52969.08897641703  0.00481481481  1.26541e-02  1.81888e-02  1.00000
53001.95434678740  0.00574074074  1.02986e-01  1.85051e-02  0.98387
53008.26703197258  0.00305555556  4.29088e-02  2.30988e-02  1.00000
53014.54656900962  0.00314814815  4.27040e-02  2.31083e-02  1.00000
53021.84193937999  0.00370370370  8.35008e-02  1.97635e-02  1.00000
53028.59360604666  0.00703703704  2.02426e-02  1.56785e-02  1.00000
53036.23055049111  0.00287037037  3.53036e-01  3.05849e-02  1.00000
53044.24119863925  0.00314814815  1.11870e+00  4.65093e-02  0.97059
53048.71101345406  0.00370370370  1.93885e+00  5.50405e-02  1.00000
53050.63601345406  0.03203703704  2.82762e+00  2.77800e-02  0.66185
53051.66230975036  0.00833333333  3.42013e+00  4.87349e-02  1.00000
53054.80527271333  0.28703703704  4.43593e+00  1.56222e-02  0.36645
53056.17916160221  0.40962962963  5.08473e+00  1.90468e-02  0.19801
53057.57249493555  0.34018518518  5.90469e+00  3.21517e-02  0.09717
53059.23314308369  0.37379629630  6.41530e+00  2.23039e-02  0.19965
53062.09916160221  0.34907407407  8.05471e+00  3.68862e-02  0.09814
53063.08416160222  0.28314814815  8.42018e+00  3.90563e-02  0.11282
53065.02092086147  0.31527777778  9.49751e+00  5.84077e-02  0.05110
53065.77156900962  0.01333333333  1.13252e+01  7.01104e-02  1.00000
53067.07471715777  0.26814814815  1.17127e+01  7.36379e-02  0.04662
53068.48814308370  0.50009259259  1.28967e+01  3.30261e-02  0.13683
53068.99990234296  0.01166666667  1.39957e+01  9.39984e-02  0.78571
53070.43416160221  0.41092592593  1.49862e+01  5.24864e-02  0.07661
53072.36971715777  0.44314814815  1.62036e+01  5.42584e-02  0.07188
53073.98055049111  0.01898148148  1.75353e+01  7.32962e-02  0.99512
53075.50610604665  0.49435185185  1.91903e+01  5.33753e-02  0.07885
53078.20740234295  0.50009259259  2.25387e+01  7.19647e-02  0.05036
53078.91305049110  0.20555555556  2.16018e+01  1.17374e-01  0.04414
53080.28721715776  0.46138888889  2.34800e+01  6.93648e-02  0.06121
53081.90555049110  0.39620370371  2.54931e+01  1.11570e-01  0.02991
53083.23453197259  0.47833333334  2.61411e+01  5.25785e-02  0.11440
53084.47147641703  0.00879629629  2.61682e+01  1.46697e-01  0.80000
53086.58175419481  0.01888888889  2.78797e+01  9.26480e-02  0.99510
53088.03008752814  0.14296296296  2.83335e+01  1.12871e-01  0.09003
53090.12230975035  0.45407407407  2.81975e+01  7.02606e-02  0.07280
53092.13638382444  0.37129629630  2.85969e+01  7.48521e-02  0.07955
53093.88582826887  0.43259259259  2.85176e+01  8.05064e-02  0.05886
53096.01406900962  0.36638888889  2.95270e+01  7.38909e-02  0.08542
53097.29897641703  0.00074074074  2.87595e+01  4.74008e-01  1.00000
53098.78629123184  0.34490740741  2.91872e+01  8.79185e-02  0.06336
53099.59518012073  0.00305555555  2.78788e+01  2.33347e-01  0.96970
53101.32730975036  0.43907407407  2.88528e+01  1.00371e-01  0.03775
53102.20332826888  0.00564814815  2.80795e+01  1.69617e-01  1.00000
53104.08619863925  0.00037037037  2.75945e+01  6.56631e-01  1.00000
53107.91119863925  0.49388888889  2.51112e+01  2.50555e-01  0.00469
53110.20249493555  0.00314814815  2.32719e+01  2.06831e-01  1.00000
53112.63499493555  0.00472222222  2.31980e+01  1.68609e-01  1.00000
53114.12425419480  0.36601851852  2.14336e+01  7.21973e-02  0.06501
53115.99249493555  0.46425925926  2.05111e+01  1.01677e-01  0.02473
53117.11249493554  0.39685185185  1.92087e+01  6.01339e-02  0.07746
53118.47730975036  0.33240740741  1.80636e+01  7.40301e-02  0.05738
53119.67036530592  0.01601851852  1.73361e+01  7.91394e-02  1.00000
53122.32147641703  0.49250000000  1.61287e+01  6.92835e-02  0.03948
53123.87351345406  0.01861111111  1.47607e+01  6.96814e-02  0.94527
53126.12545789851  0.49333333333  1.38906e+01  7.16732e-02  0.03172
53128.27055049110  0.47712962963  1.36220e+01  5.85915e-02  0.04813
53129.91703197258  0.01175925926  1.35573e+01  8.20052e-02  0.99213
53131.47832826888  0.01231481481  1.35716e+01  8.55118e-02  0.87218
53134.12656900962  0.00166666667  1.30194e+01  2.12617e-01  1.00000
53136.88721715777  0.50009259259  1.25804e+01  6.13358e-02  0.03870
53137.39036530592  0.00305555556  1.28945e+01  1.56273e-01  1.00000
53139.73675419480  0.39722222222  1.22408e+01  7.11798e-02  0.03520
53144.80888382444  0.00287037037  1.29441e+01  1.61546e-01  1.00000
53148.46295789851  0.00379629630  1.27518e+01  1.39423e-01  1.00000
53154.43897641703  0.00481481481  1.24448e+01  1.22301e-01  1.00000
53158.33490234295  0.00537037037  1.13404e+01  1.10545e-01  1.00000
53162.26860604665  0.00537037037  1.22559e+01  1.14921e-01  1.00000
53165.49184678739  0.00527777778  1.37158e+01  1.22635e-01  1.00000
53168.49230975036  0.00425925926  1.44768e+01  1.40248e-01  1.00000
53171.96980975036  0.00416666667  1.41853e+01  1.40363e-01  1.00000
53175.25786530592  0.00518518519  1.42345e+01  1.26042e-01  1.00000
53179.51582826888  0.00500000000  1.33961e+01  1.24518e-01  1.00000
53184.10897641703  0.00555555556  1.40158e+01  1.20830e-01  1.00000
53187.32397641703  0.00592592593  1.47501e+01  1.20018e-01  1.00000
53189.84110604666  0.00194444444  1.56705e+01  2.15959e-01  1.00000
53196.63777271332  0.49416666667  2.19568e+01  7.27904e-02  0.04853
53198.64221715777  0.50009259259  2.30376e+01  6.33303e-02  0.06647
53199.15453197258  0.01222222222  2.41054e+01  1.06834e-01  1.00000
53201.32879123184  0.00425925926  2.52816e+01  1.87386e-01  0.97826
53204.41555049110  0.00490740741  2.73141e+01  1.79472e-01  1.00000
53215.29897641703  0.00611111111  3.23723e+01  1.75087e-01  1.00000
53218.11388382444  0.00546296296  3.43150e+01  1.90658e-01  1.00000
53222.25221715777  0.00750000000  3.94469e+01  1.75550e-01  0.98765
53225.41193937999  0.00777777778  4.07871e+01  1.74205e-01  1.00000
53226.45277271332  0.01805555556  4.09931e+01  1.14625e-01  1.00000
53228.99832826888  0.00509259259  3.57427e+01  2.01536e-01  1.00000
53230.96564308369  0.00444444445  2.24614e+01  1.71017e-01  1.00000
53232.50888382444  0.49805555556  1.86671e+01  3.23620e-02  0.20710
53233.40786530591  0.01796296296  1.55457e+01  7.07691e-02  1.00000
53235.02073567628  0.43861111111  9.22487e+00  5.13095e-02  0.04623
53236.28999493555  0.01564814815  6.03603e+00  4.72468e-02  1.00000
53237.69388382444  0.36990740741  6.23094e+00  2.08596e-02  0.22403
53239.72629123184  0.50009259259  6.19738e+00  3.00130e-02  0.07961
53240.33166160221  0.10527777778  5.31595e+00  2.19754e-02  0.60510
53242.08166160221  0.03509259259  3.72631e+00  6.96561e-02  0.12665
53243.98101345406  0.33407407407  2.51170e+00  2.39796e-02  0.07567
53245.85545789851  0.00462962963  3.38497e+00  6.50478e-02  1.00000
53246.97008752814  0.00425925926  3.63734e+00  7.02996e-02  1.00000
53248.84055049111  0.00138888889  2.67983e+00  1.05669e-01  1.00000
53250.98406900962  0.01731481481  2.94461e+00  3.14556e-02  0.99465
53254.77610604666  0.00435185185  3.70360e+00  7.09371e-02  0.97872
53257.93184678740  0.00490740741  5.22520e+00  7.84971e-02  1.00000
53260.88490234295  0.00481481482  6.78224e+00  9.02869e-02  1.00000
53263.19369863925  0.00564814815  3.11379e+00  5.64833e-02  1.00000
53266.93434678740  0.00500000000  3.59519e+00  6.51123e-02  0.98148
53269.95129123185  0.00472222222  3.18133e+00  6.24394e-02  1.00000
53272.66527271332  0.00314814815  2.95013e+00  7.36413e-02  1.00000
53276.89897641703  0.00555555556  2.48561e+00  5.08840e-02  1.00000
53281.04342086148  0.00444444445  1.62582e+00  4.60104e-02  1.00000
53282.42166160221  0.08435185185  1.38236e+00  1.21945e-02  0.63776
53284.66675419481  0.00203703704  1.26954e+00  6.00553e-02  1.00000
53287.47860604666  0.00259259259  3.63874e+00  9.01232e-02  1.00000
53294.73740234296  0.00490740741  2.12802e+00  5.00945e-02  1.00000
53296.07842086147  0.00425925926  2.83932e+00  6.27973e-02  0.97826
53298.56693937999  0.00111111111  1.17620e+00  1.02478e-01  0.58333
53300.60332826888  0.00083333333  1.51981e+00  1.02734e-01  1.00000
53303.48786530591  0.00111111111  4.53555e+00  2.66210e-01  0.33333
53306.76425419480  0.26416666666  1.30484e+00  2.34108e-02  0.05223
53309.95230975036  0.00055555555  3.51667e+00  1.91395e-01  1.00000
53314.55453197258  0.00388888889  3.56961e+00  7.28829e-02  1.00000
53316.60619863925  0.02074074074  4.88863e+00  7.38652e-02  0.25000
53319.22888382443  0.01898148148  3.77243e+00  7.32023e-02  0.21463
53322.69332826888  0.00453703704  5.71050e+00  8.62296e-02  0.97959
53325.77777271332  0.00324074074  1.13686e+01  1.42482e-01  1.00000
53328.49203197258  0.03490740741  1.43178e+01  1.39476e-01  0.12202
53331.08786530592  0.00796296297  8.98714e+00  8.08168e-02  1.00000
53366.27416160221  0.00425925926  1.52940e+00  4.60887e-02  0.97826
53369.15749493554  0.00574074074  2.05767e+00  4.55441e-02  1.00000
53371.96953197259  0.00425925926  2.23538e+00  5.51108e-02  1.00000
53378.17990234295  0.00555555556  1.99278e+00  4.55611e-02  1.00000
53381.41943937998  0.00250000000  7.68184e-01  4.21687e-02  1.00000
53384.30119863925  0.00518518519  1.98592e-01  1.80565e-02  1.00000
53387.25018012073  0.00620370370  5.20309e-01  2.25733e-02  1.00000
53390.70869863925  0.00694444444  6.20965e-01  2.30157e-02  1.00000
53394.05545789850  0.00222222222  5.75968e-01  3.88989e-02  1.00000
53398.97110604666  0.00398148148  5.00359e-01  2.70748e-02  1.00000
53406.00573567628  0.00324074074  5.85344e-01  3.39291e-02  1.00000
53409.67249493554  0.00666666666  2.17491e-01  1.80002e-02  1.00000
53411.90916160221  0.00444444444  2.89607e-01  2.26891e-02  1.00000
53414.14027271332  0.00629629630  2.87459e-01  1.84971e-02  1.00000
53417.46203197258  0.00990740741  3.33089e-01  1.55224e-02  1.00000
53419.76916160221  0.00555555556  3.28046e-01  2.05682e-02  1.00000
53422.40980975036  0.00046296296  7.77930e-01  9.86110e-02  1.00000
53426.30832826888  0.00398148148  1.27539e+00  4.32000e-02  1.00000
53429.52518012073  0.00527777778  1.07687e+00  3.44122e-02  1.00000
53436.04147641703  0.00157407407  2.48554e+00  9.55930e-02  1.00000
53439.35221715776  0.00398148148  2.90782e+00  6.50114e-02  1.00000
53442.82656900962  0.49185185185  2.96567e+00  1.36145e-01  0.00188
53446.78323567628  0.00574074074  3.48007e+00  5.92296e-02  1.00000
53452.34832826888  0.00064814815  1.18279e+00  1.02765e-01  1.00000
53455.83147641703  0.00472222222  9.81242e-01  3.46771e-02  1.00000
53459.47286530591  0.00296296296  2.14404e+00  6.47115e-02  1.00000
53463.21175419480  0.00074074074  3.14123e+00  1.56655e-01  1.00000
53466.76055049110  0.00398148148  5.84815e+00  9.21967e-02  1.00000
53469.32795789851  0.00509259259  1.13237e+01  1.13437e-01  1.00000
53472.34008752814  0.00629629629  1.08225e+01  9.97352e-02  1.00000
53474.23832826888  0.00527777778  1.23666e+01  1.16447e-01  1.00000
53477.73592086147  0.00472222222  1.19623e+01  1.21077e-01  1.00000
53478.95703197258  0.00546296296  1.12330e+01  1.09084e-01  1.00000
53480.94962456518  0.00583333333  9.83148e+00  9.87596e-02  1.00000
53482.96286530592  0.46277777778  8.19837e+00  5.96517e-02  0.02881
53484.21314308369  0.47750000000  7.36004e+00  4.03883e-02  0.05468
53485.28443937999  0.50009259259  6.63131e+00  3.86116e-02  0.05147
53486.25342086147  0.46888888889  5.87874e+00  2.25743e-02  0.14238
53487.52268012073  0.18259259259  5.19735e+00  3.39396e-02  0.14300
53489.08518012073  0.50009259259  4.63532e+00  2.41193e-02  0.09221
53490.08536530592  0.50009259259  4.15803e+00  2.27074e-02  0.09332
53490.61990234295  0.03444444445  4.00682e+00  3.36623e-02  0.59409
53492.09980975036  0.50009259259  3.45022e+00  1.62761e-02  0.15071
53492.74119863925  0.14129629630  3.35745e+00  1.62773e-02  0.51900
53496.02360604666  0.00444444444  2.63693e+00  5.85960e-02  1.00000
53497.91740234295  0.00268518518  2.19128e+00  6.87210e-02  1.00000
53499.03888382443  0.00398148148  2.33133e+00  5.82114e-02  1.00000
53502.22175419480  0.00666666667  1.85661e+00  4.04269e-02  0.98611
53504.44073567629  0.23953703704  1.61437e+00  8.41016e-03  0.55160
53505.70675419481  0.00296296296  1.52638e+00  5.46004e-02  1.00000
53508.67684678740  0.00435185185  1.28555e+00  4.15869e-02  1.00000
53511.76675419480  0.00018518518  1.29554e+00  2.01210e-01  1.00000
53514.05564308369  0.42500000000  8.91450e-01  3.78524e-02  0.00850
53518.62184678740  0.00527777778  7.01777e-01  2.84812e-02  1.00000
53523.92518012073  0.00268518518  4.66490e-01  3.31245e-02  1.00000
53526.05175419481  0.00666666667  3.57116e-01  1.97732e-02  1.00000
53530.05351345407  0.00157407407  1.21267e-01  3.52632e-02  1.00000
53533.42768012073  0.00296296296  2.10553e-01  2.61971e-02  1.00000
53536.67499493554  0.42638888889  1.66468e-01  9.18578e-03  0.05559
53537.36869863925  0.01250000000  2.57787e-01  1.52143e-02  0.77037
53539.06305049110  0.00259259259  1.63243e-01  2.92252e-02  1.00000
53542.07879123184  0.00370370370  1.37943e-01  2.30119e-02  1.00000
53546.74916160222  0.00092592593  -2.34842e-05  3.96249e-02  1.00000
53548.65749493554  0.00500000000  2.52269e-02  1.85155e-02  1.00000
53552.20055049111  0.00231481481  8.30806e-02  2.40102e-02  1.00000
53557.83666160221  0.00416666667  -4.57669e-02  2.12321e-02  1.00000
53567.26897641703  0.00444444444  1.04234e-01  2.08427e-02  1.00000
53572.31369863925  0.00546296296  3.03869e-02  1.73678e-02  1.00000
53575.44823567629  0.00314814815  -3.23131e-02  2.25902e-02  1.00000
53578.98564308370  0.00370370370  8.33824e-02  2.22893e-02  1.00000
53580.88323567629  0.00351851852  8.25099e-02  2.24974e-02  1.00000
53585.49934678740  0.00425925926  5.94921e-02  2.01015e-02  1.00000
53590.06416160221  0.00314814815  3.96975e-02  2.10958e-02  1.00000
53592.90629123184  0.00064814815  2.14013e-01  5.24100e-02  1.00000
53595.88656900961  0.00259259259  1.12801e-01  2.34461e-02  1.00000
53600.04027271333  0.00351851852  1.05654e-01  2.23461e-02  1.00000
53603.44471715776  0.00537037037  5.91946e-02  1.72076e-02  1.00000
53607.31962456518  0.00361111111  1.43821e-01  2.30038e-02  1.00000
53613.97268012073  0.00444444444  1.00386e-01  2.01471e-02  1.00000
53617.05832826887  0.00490740741  1.49044e-02  1.83445e-02  1.00000
53620.93805049110  0.00500000000  1.45214e-01  1.86949e-02  1.00000
53623.29425419480  0.00509259259  1.71588e-02  1.76984e-02  1.00000
53626.76258752814  0.00546296296  1.06131e-01  1.68121e-02  0.98305
53630.25582826888  0.00425925926  -1.25108e-02  2.18373e-02  0.80435
53634.88545789850  0.00462962963  6.97131e-02  2.03110e-02  0.98000
53636.85036530592  0.00398148148  2.03091e-02  1.81005e-02  1.00000
53640.91721715777  0.00490740741  3.58199e-02  1.90717e-02  1.00000
53644.15212456517  0.00296296296  1.73021e-02  2.39442e-02  0.96875
53651.61730975036  0.00222222222  8.44949e-02  2.71824e-02  1.00000
53654.14786530592  0.00351851852  9.49166e-02  2.39276e-02  1.00000
53660.45332826888  0.00157407407  2.00173e-02  3.16984e-02  1.00000
53663.28879123184  0.00388888889  1.13393e-01  2.18561e-02  1.00000
53664.98369863925  0.00509259259  -6.84074e-02  1.81779e-02  1.00000
53668.44425419481  0.00027777778  -8.64001e-03  8.41182e-02  1.00000
53671.90962456517  0.00361111111  -5.83624e-02  2.11730e-02  1.00000
53675.98573567629  0.00453703704  5.92376e-02  1.87828e-02  1.00000
53679.20953197258  0.00518518519  1.16151e-01  1.82952e-02  1.00000
53682.08823567629  0.00314814815  -2.13139e-02  2.32337e-02  1.00000
53685.28888382444  0.00564814815  4.39971e-02  1.79709e-02  1.00000
53689.42518012073  0.00194444444  1.67012e-01  3.00333e-02  1.00000
53693.35193937999  0.00166666667  3.00261e-02  2.93587e-02  1.00000
53696.17777271332  0.00416666667  4.40587e-01  2.61680e-02  1.00000
53698.07601345406  0.00555555556  5.68008e-02  1.85824e-02  1.00000
53731.60064308370  0.00537037037  2.81143e-02  1.85392e-02  1.00000
53733.43193938000  0.00277777778  1.09565e-01  2.48789e-02  1.00000
53737.13018012072  0.00435185185  1.04141e-01  2.02066e-02  1.00000
53740.70805049108  0.00907407407  5.92799e-02  1.28245e-02  1.00000
53743.09018012072  0.00416666667  7.24474e-02  1.95129e-02  1.00000
53747.99536530591  0.00527777778  2.28958e-01  2.01561e-02  1.00000
53750.88368706516  0.00435185185  2.08238e-01  2.24166e-02  1.00000
53753.80137225035  0.00462962963  6.15738e-01  2.85877e-02  1.00000
53756.32211299110  0.00240740741  1.32125e+00  5.67746e-02  1.00000
53761.80842086146  0.00351851852  2.21610e+00  6.03730e-02  1.00000
53768.76369863924  0.00620370371  4.96226e+00  6.80366e-02  1.00000
53770.77647641701  0.00546296296  4.28643e+00  6.73848e-02  1.00000
53774.51916160221  0.00481481482  7.22139e+00  9.31642e-02  1.00000
53778.00277271331  0.00490740740  8.13821e+00  9.79640e-02  1.00000
53781.25888382443  0.00435185185  6.81139e+00  9.51719e-02  1.00000
53784.53573567628  0.00657407408  6.04446e+00  7.29440e-02  1.00000
53787.76240234295  0.00416666667  6.61932e+00  9.58827e-02  1.00000
53793.27351345406  0.00287037037  7.48600e+00  1.22853e-01  1.00000
53800.34851345405  0.00046296296  8.36318e+00  3.23326e-01  1.00000
53807.41851345405  0.00416666667  9.85247e+00  1.16979e-01  1.00000
53815.39851345406  0.00490740741  1.02767e+01  1.11138e-01  0.98113
53820.64740234295  0.00490740741  1.00543e+01  1.08888e-01  1.00000
53831.11101345405  0.00500000000  1.10469e+01  1.13074e-01  1.00000
53837.66129123183  0.00546296296  1.14762e+01  1.10259e-01  1.00000
53844.34036530591  0.00675925926  1.06681e+01  9.55699e-02  1.00000
53849.85564308368  0.00277777778  1.22946e+01  1.60043e-01  1.00000
53860.99564308368  0.00296296296  5.11934e+00  9.99935e-02  1.00000
53869.62101345405  0.00259259259  3.00191e+00  8.18578e-02  1.00000
53876.24851345405  0.00490740740  1.59929e+00  4.38432e-02  0.98113
53883.73619863924  0.00425925926  9.59204e-01  3.62056e-02  1.00000
53888.63203197257  0.01879629630  7.56884e-01  1.55685e-02  1.00000
53891.07203197257  0.00120370370  3.77572e-01  5.09419e-02  1.00000
53896.82443937998  0.00342592593  3.31134e-01  2.64611e-02  1.00000
53902.07240234294  0.00046296296  2.79907e-01  6.18687e-02  1.00000
53911.00730975035  0.00314814815  2.05404e-01  2.65960e-02  1.00000
53924.67610604665  0.00268518519  -2.18389e-02  2.23307e-02  1.00000
53932.04416160220  0.00574074074  9.82233e-02  1.87099e-02  0.98387
53937.29508752812  0.00518518519  7.35289e-02  1.91041e-02  1.00000
53945.88842086146  0.00203703704  -6.98572e-02  2.85987e-02  1.00000
53958.88499493554  0.00453703704  6.40864e-02  1.79215e-02  0.97959
53966.80684678739  0.00342592593  -3.67256e-03  2.31363e-02  1.00000
53972.27369863924  0.00509259259  9.15343e-02  1.81577e-02  1.00000
53980.12434678739  0.00407407407  -6.54102e-02  2.09029e-02  1.00000
53986.75712456516  0.00259259259  3.12935e-02  2.78960e-02  1.00000
53995.65869863924  0.00435185185  5.17743e-02  1.80675e-02  1.00000
54051.75073567628  0.00675925926  1.46015e+00  3.53572e-02  1.00000
54053.06092086146  0.00787037037  2.45828e+00  4.25154e-02  1.00000
54054.50119863923  0.40092592593  2.37359e+00  3.09369e-02  0.03580
54055.87536530591  0.00805555556  2.69473e+00  4.39985e-02  1.00000
54056.98518012072  0.00509259259  2.85177e+00  5.69267e-02  1.00000
54058.37434678739  0.38259259259  4.97959e+00  5.60685e-02  0.02396
54059.82943937998  0.00435185185  6.04045e+00  8.96243e-02  1.00000
54060.97693937998  0.00425925926  6.68526e+00  9.53060e-02  1.00000
54062.44712456517  0.00592592593  8.06702e+00  8.87578e-02  1.00000
54064.08666160220  0.49564814815  8.90979e+00  7.28247e-02  0.01962
54097.07480975035  0.01824074074  3.51822e+01  1.05650e-01  1.00000
54102.32480975035  0.00546296296  3.31266e+01  1.87328e-01  1.00000
54109.77277271331  0.15046296296  4.34208e+01  5.92132e-02  0.47631
54112.91064308368  0.00685185185  4.82063e+01  2.01779e-01  1.00000
54118.97564308369  0.02500000000  5.95045e+01  1.97858e-01  0.35185
54122.31092086146  0.02805555555  6.89763e+01  1.45728e-01  0.66997
54127.11990234294  0.00092592592  8.52692e+01  7.30022e-01  1.00000
54129.21601345405  0.26981481481  8.89551e+01  1.49727e-01  0.08511
54130.63277271331  0.50009259259  9.77431e+01  1.98526e-01  0.02870
54131.63045789850  0.49759259259  1.02264e+02  1.67799e-01  0.04224
54133.48092086146  0.47564814815  1.06177e+02  1.52860e-01  0.05529
54135.53462456517  0.50009259259  1.08432e+02  1.75512e-01  0.04073
54136.53443937998  0.49972222222  1.13640e+02  1.78066e-01  0.04150
54138.35851345406  0.50009259259  1.16986e+02  3.30346e-01  0.01241
54138.85980975035  0.00120370370  1.16387e+02  7.48034e-01  1.00000
54140.09851345405  0.14305555556  1.06513e+02  1.80204e-01  0.13269
54141.56092086146  0.50009259259  9.31202e+01  1.87811e-01  0.03055
54142.55212456516  0.49111111111  8.04012e+01  3.17020e-01  0.00943
54144.02268012072  0.06814814815  6.91430e+01  6.57376e-01  0.01359
54145.58138382442  0.46740740741  5.65038e+01  1.31572e-01  0.04041
54147.03064308368  0.01870370371  4.36025e+01  1.16150e-01  1.00000
54148.15536530591  0.00657407407  1.90029e+01  1.30257e-01  0.98592
54149.71332826887  0.01805555556  1.49762e+01  6.94608e-02  0.99487
54154.87406900961  0.00527777777  7.99257e+00  4.99768e-01  0.03509
54156.57175419480  0.00222222222  1.26056e+01  4.43805e-01  0.16667
54158.30582826887  0.49351851852  1.45964e+01  1.16688e-01  0.01257
54159.51499493554  0.00212962963  1.74859e+01  2.53548e-01  0.73913
54161.30564308368  0.40500000000  3.05146e+01  9.99257e-02  0.04367
54162.68962456517  0.00305555556  3.46324e+01  2.56109e-01  1.00000
54164.14462456517  0.44472222222  3.75109e+01  1.31295e-01  0.02832
54165.93434678738  0.40203703704  2.01803e+01  1.02096e-01  0.02787
54168.97221715776  0.42861111111  9.94569e+00  7.08022e-02  0.02679
54170.73971715775  0.49296296296  5.72337e+00  7.65775e-02  0.01146
54171.78795789850  0.49268518519  6.09071e+00  1.16599e-01  0.00526
54172.84425419480  0.50009259259  5.56761e+00  8.26018e-02  0.00944
54173.34582826887  0.00148148148  5.67840e+00  1.48934e-01  1.00000
54175.00175419479  0.01037037037  1.00536e+01  9.75726e-02  0.58929
54176.56879123182  0.47277777778  9.77214e+00  5.39294e-02  0.04113
54178.62425419479  0.44620370370  1.28840e+01  4.71640e-02  0.07512
54179.84184678739  0.00990740741  1.08106e+01  8.76240e-02  0.82243
54181.66462456516  0.46453703703  9.66258e+00  4.83812e-02  0.05143
54183.17379123183  0.01944444445  1.34185e+01  6.31951e-02  1.00000
54185.13721715775  0.01916666667  9.64634e+00  5.39680e-02  1.00000
54187.16592086146  0.01898148148  7.04269e+00  5.00095e-02  0.85854
54189.06388382442  0.01898148148  3.62561e+00  3.33285e-02  0.99512
54191.09582826887  0.01555555556  3.93611e+00  4.14768e-02  0.85119
54193.71286530590  0.01611111111  3.17597e+00  3.37757e-02  1.00000
54197.63675419480  0.01870370371  3.53073e+00  3.30519e-02  1.00000
54199.59990234294  0.01870370370  2.65918e+00  2.87552e-02  0.99505
54201.69471715776  0.01814814815  3.23894e+00  3.21376e-02  1.00000
54203.59193937998  0.01870370370  3.32920e+00  3.20948e-02  1.00000
54205.55545789850  0.01870370370  1.60496e+00  2.23396e-02  0.99505
54207.71471715775  0.01907407408  5.06529e+00  3.92975e-02  0.99515
54209.96332826887  0.50009259259  3.90939e+00  3.41918e-02  0.03870
54210.47305049108  0.00962962963  4.47083e+00  5.20853e-02  0.99038
54212.16351345406  0.39564814815  3.84546e+00  3.13207e-02  0.05734
54213.80129123183  0.41287037037  3.68228e+00  3.14959e-02  0.05203
54215.31555049109  0.01194444444  2.68430e+00  3.60629e-02  1.00000
54217.11851345406  0.17120370370  1.19302e+00  2.01854e-02  0.09897
54218.55573567627  0.37509259259  2.78991e+00  2.79005e-02  0.05529
54220.23425419479  0.00768518518  3.50525e+00  5.13760e-02  1.00000
54221.38480975035  0.00972222222  3.30895e+00  4.43803e-02  1.00000
54223.67916160220  0.45629629630  3.55898e+00  3.93026e-02  0.02922
54225.68036530590  0.43694444445  3.82740e+00  3.26062e-02  0.04768
54228.01277271331  0.39898148148  3.29515e+00  2.91122e-02  0.05639
54229.24943937998  0.00935185186  2.72100e+00  4.10340e-02  1.00000
54231.16480975035  0.46416666666  3.69326e+00  3.20298e-02  0.04488
54233.12471715776  0.46537037037  4.57655e+00  3.49624e-02  0.04656
54235.32110604665  0.48175925926  8.51255e+00  6.57684e-02  0.02364
54236.87471715776  0.49925925926  9.41987e+00  3.42461e-02  0.09310
54237.57268012072  0.15000000000  9.51359e+00  3.61499e-02  0.28086
54239.24462456517  0.50009259259  1.07468e+01  7.60941e-02  0.02148
54240.03055049109  0.28583333333  1.08062e+01  7.80037e-02  0.03596
54241.57092086146  0.00583333333  1.00779e+01  9.99895e-02  1.00000
54242.88305049109  0.00870370370  9.56492e+00  7.97475e-02  1.00000
54245.43953197257  0.46240740741  7.87962e+00  3.23701e-02  0.09411
54246.87286530591  0.01055555556  7.33908e+00  6.51702e-02  0.94737
54248.38305049109  0.46351851852  6.45748e+00  5.29408e-02  0.02877
54249.55619863924  0.01037037037  5.94693e+00  5.76073e-02  1.00000
54251.21758752812  0.50009259259  5.03607e+00  3.24452e-02  0.05536
54251.88536530590  0.16768518519  4.75345e+00  3.54804e-02  0.13031
54253.26749493554  0.00870370370  4.27363e+00  5.33058e-02  1.00000
54255.17619863924  0.25370370370  3.88929e+00  4.55808e-02  0.04270
54256.46499493554  0.16879629630  3.66747e+00  2.96349e-02  0.14317
54257.79268012072  0.47703703704  3.40246e+00  3.38127e-02  0.03610
54259.28934678739  0.01074074074  3.18739e+00  4.14408e-02  1.00000
54260.91119863924  0.30370370371  2.98443e+00  2.76488e-02  0.07439
54262.79888382443  0.44509259259  2.88025e+00  1.91867e-02  0.10173
54264.75388382442  0.50009259259  2.74952e+00  2.69844e-02  0.04370
54265.46018012072  0.20620370370  2.65932e+00  2.64820e-02  0.10642
54267.03379123184  0.20444444444  2.67504e+00  2.36072e-02  0.13587
54268.44471715776  0.49703703704  2.83402e+00  3.66315e-02  0.02459
54269.66369863924  0.37305555556  2.79991e+00  2.28896e-02  0.08290
54270.92925419479  0.00175925926  2.94950e+00  9.85003e-02  1.00000
54273.33286530591  0.37407407408  2.84377e+00  4.71349e-02  0.01980
54274.42406900960  0.01342592592  2.79219e+00  3.46919e-02  1.00000
54276.06925419479  0.39620370371  2.86636e+00  2.73783e-02  0.05585
54277.16897641702  0.00944444444  2.83176e+00  4.16551e-02  1.00000
54278.87240234294  0.40120370371  3.14710e+00  3.17598e-02  0.04500
54280.11147641702  0.00916666667  3.15362e+00  4.48468e-02  0.98990
54281.15897641702  0.00888888889  3.30611e+00  4.63941e-02  1.00000
54282.69749493554  0.49851851852  3.62853e+00  3.98233e-02  0.02656
54284.52693937998  0.49648148148  4.00646e+00  4.42299e-02  0.02387
54286.13138382442  0.00666666667  4.33177e+00  6.13206e-02  1.00000
54287.24592086146  0.00861111111  4.84357e+00  5.70534e-02  1.00000
54289.01434678739  0.46833333333  5.27384e+00  4.56746e-02  0.03124
54290.19147641702  0.00527777778  5.49695e+00  7.76361e-02  1.00000
54291.94064308368  0.49722222222  5.74284e+00  5.00997e-02  0.02663
54293.41258752813  0.00601851852  5.63082e+00  7.35816e-02  1.00000
54295.11869863924  0.46657407407  6.10366e+00  5.97095e-02  0.02123
54297.66925419479  0.00990740741  6.34524e+00  6.08797e-02  1.00000
54299.50258752813  0.00879629629  6.87177e+00  6.72377e-02  1.00000
54301.72953197257  0.00666666666  7.37301e+00  8.00011e-02  1.00000
54303.82582826887  0.00407407407  7.49609e+00  1.03188e-01  1.00000
54305.45795789850  0.00787037037  7.96726e+00  7.65394e-02  1.00000
54307.75045789850  0.00574074074  8.02039e+00  8.99170e-02  1.00000
54309.18119863923  0.01462962963  8.11539e+00  5.68388e-02  0.99367
54311.19406900961  0.00805555555  8.37439e+00  7.75634e-02  1.00000
54313.63712456517  0.00814814815  8.80245e+00  7.90679e-02  1.00000
54316.38999493554  0.00583333333  8.61411e+00  9.24432e-02  1.00000
54318.13351345406  0.00824074074  8.85393e+00  7.88521e-02  1.00000
54319.92842086146  0.00481481482  9.00939e+00  1.04061e-01  1.00000
54321.89323567627  0.00648148148  9.76653e+00  9.33816e-02  1.00000
54323.37175419480  0.00462962963  9.74163e+00  1.10350e-01  1.00000
54325.76230975035  0.00444444445  8.65166e+00  1.06138e-01  1.00000
54329.20916160220  0.01000000000  8.67068e+00  7.08361e-02  1.00000
54331.10323567627  0.01018518519  8.83809e+00  7.08636e-02  1.00000
54333.26879123183  0.01129629630  8.83184e+00  6.72645e-02  1.00000
54335.23064308368  0.01148148148  8.28713e+00  6.46296e-02  1.00000
54337.26092086146  0.01250000000  8.59101e+00  6.30660e-02  1.00000
54339.29064308368  0.01388888889  8.01216e+00  5.77789e-02  1.00000
54342.03008752812  0.00740740741  7.88341e+00  7.84788e-02  1.00000
54347.00471715776  0.00611111111  6.06746e+00  7.58004e-02  1.00000
54353.29592086146  0.01861111111  4.50756e+00  3.74380e-02  1.00000
54360.04369863924  0.01064814815  3.61249e+00  4.43093e-02  1.00000
54364.93480975035  0.01175925926  3.06975e+00  3.88678e-02  1.00000
54366.98360604665  0.00870370370  2.98766e+00  4.45699e-02  1.00000
54371.01156900961  0.00240740741  2.99419e+00  8.48385e-02  1.00000
54373.00823567627  0.03481481482  2.41553e+00  5.72914e-02  0.12234
54374.88453197257  0.07592592592  2.18381e+00  3.27828e-02  0.15488
54376.01193937998  0.00814814815  2.25968e+00  4.00610e-02  1.00000
54378.04221715775  0.00620370370  1.87880e+00  4.18642e-02  1.00000
54379.93175419480  0.01055555556  1.75036e+00  3.11147e-02  0.99123
54383.43629123183  0.42805555555  1.44156e+00  2.56924e-02  0.02963
54385.37175419480  0.00888888889  1.26105e+00  2.88034e-02  0.98958
54387.00082826887  0.00870370370  1.07989e+00  2.67958e-02  1.00000
54389.44092086146  0.00416666667  1.25890e+00  4.18748e-02  1.00000
54392.95592086146  0.00787037037  8.29388e-01  2.47980e-02  1.00000
54396.94805049109  0.00777777778  8.57405e-01  2.55422e-02  1.00000
54399.32008752813  0.00888888889  6.18357e-01  2.03625e-02  1.00000
54402.32971715776  0.00888888889  6.13256e-01  2.06090e-02  1.00000
54405.99156900961  0.00907407407  6.12254e-01  2.00856e-02  1.00000
54409.85666160220  0.00638888889  6.19907e-01  2.41055e-02  0.98551
54414.99768012072  0.00444444445  4.34400e-01  2.61410e-02  1.00000
54418.95675419479  0.00407407407  3.31188e-01  2.46901e-02  1.00000
54462.00508752813  0.01925925926  5.44405e-01  1.37109e-02  0.96154
54483.01258752812  0.00620370370  6.39010e-01  2.53227e-02  1.00000
54497.72943937998  0.00527777778  8.96903e-01  3.13600e-02  1.00000
54643.66925419479  0.01898148148  1.78061e+00  2.32995e-02  1.00000
54644.70508752813  0.00814814815  1.48579e+00  3.25254e-02  1.00000
54645.74962456517  0.00601851852  1.14841e+00  3.33765e-02  1.00000
54648.01555049109  0.42824074074  1.81643e+00  2.54701e-02  0.03784
54649.29425419479  0.00342592593  1.82020e+00  5.54496e-02  1.00000
54651.20601345405  0.33111111111  1.89860e+00  2.50191e-02  0.05313
54653.26388382442  0.49712962963  2.17935e+00  3.06492e-02  0.02701
54656.20601345405  0.49833333333  2.24627e+00  2.85698e-02  0.03196
54658.72480975035  0.00731481481  2.67942e+00  4.60412e-02  1.00000
54659.97406900961  0.00101851852  1.78532e+00  1.00717e-01  1.00000
54661.47777271332  0.49416666667  1.81324e+00  3.78751e-02  0.01480
54663.47388382442  0.49120370371  2.30618e+00  9.20794e-02  0.00320
54664.94499493553  0.00157407407  1.67370e+00  7.84431e-02  1.00000
54666.43175419480  0.47740740740  2.46788e+00  4.47565e-02  0.01493
54668.44536530590  0.49231481482  2.88896e+00  6.89317e-02  0.00715
54670.43943937998  0.49546296296  2.04626e+00  3.44119e-02  0.02018
54671.45416160220  0.49444444444  2.88586e+00  5.35066e-02  0.01180
54672.92564308368  0.00537037037  2.24646e+00  4.92011e-02  1.00000
54673.95138382442  0.01666666666  2.38003e+00  2.88273e-02  0.99444
54696.13721715776  0.07712962963  2.08888e+00  2.05884e-02  0.36975
54733.03990234294  0.01240740740  1.16020e+00  2.33363e-02  1.00000
54734.54971715776  0.27814814815  1.23951e+00  1.19354e-02  0.18276
54735.67351345405  0.14435185185  1.04660e+00  1.34812e-02  0.23477
54749.27175419479  0.01870370370  4.49092e-01  1.25089e-02  1.00000
54827.96860604665  0.01055555556  2.64533e-02  1.37415e-02  1.00000
54889.60740234293  0.47768518519  2.89702e+00  2.48166e-02  0.05699
54891.67758752812  0.43009259259  4.03608e+00  4.22971e-02  0.03036
54893.68332826886  0.49787037037  6.00700e+00  4.64509e-02  0.03236
54896.08434678738  0.14759259260  7.12186e+00  5.02899e-02  0.11041
54897.71184678738  0.01361111111  8.07100e+00  5.85794e-02  1.00000
54914.01147641701  0.00768518518  1.45820e+01  1.04788e-01  1.00000
54916.55064308367  0.08444444444  1.35253e+01  4.01649e-02  0.57456
54924.34156900960  0.01333333333  1.18665e+01  7.17664e-02  1.00000
55011.27286530589  0.08425925926  2.27726e+00  1.83650e-02  0.46374
55013.33055049108  0.04861111111  1.98692e+00  1.81976e-02  0.71429
55208.49314308367  0.00046296296  1.14607e+01  3.78495e-01  1.00000
55211.81953197256  0.00851851852  1.13000e+01  8.76165e-02  1.00000
55214.10369863923  0.01250000000  1.34561e+01  8.78388e-02  0.80741
55218.27805049108  0.46777777778  1.55170e+01  6.41045e-02  0.04671
55219.83434678738  0.35740740741  1.57034e+01  1.31220e-01  0.01477
55221.56203197256  0.00750000000  1.73332e+01  1.15648e-01  1.00000
55222.58212456516  0.00537037037  1.93299e+01  1.45585e-01  0.98276
55224.25490234293  0.48814814815  1.74372e+01  8.05423e-02  0.03187
55226.12008752812  0.40555555556  1.93305e+01  7.44446e-02  0.04977
55228.17360604664  0.43203703704  1.96309e+01  7.60750e-02  0.04544
55229.52156900960  0.01462962963  2.01923e+01  8.96568e-02  0.99367
55230.57851345404  0.00490740740  2.12426e+01  1.58273e-01  1.00000
55231.74277271330  0.01009259259  2.13765e+01  1.10712e-01  1.00000
55233.01397641700  0.00851851852  2.09595e+01  1.19326e-01  1.00000
55235.80860604663  0.01685185185  2.09081e+01  8.47347e-02  1.00000
55236.93601345404  0.00833333333  2.27400e+01  1.25665e-01  1.00000
55238.03073567626  0.00675925926  2.13576e+01  1.35224e-01  1.00000
55239.79943937997  0.01416666667  2.05702e+01  9.16672e-02  1.00000
55242.08397641701  0.00351851852  2.29786e+01  1.94406e-01  1.00000
55244.84036530589  0.01212962963  2.25539e+01  1.03733e-01  1.00000
55246.39582826885  0.00537037037  2.19283e+01  1.53720e-01  1.00000
55249.21564308368  0.32555555556  2.34566e+01  1.02331e-01  0.03982
55250.51536530590  0.00601851852  2.57157e+01  1.57247e-01  1.00000
55251.83647641700  0.01398148148  2.69115e+01  1.05541e-01  1.00000
55254.13416160219  0.00796296296  2.77963e+01  1.42130e-01  1.00000
55256.01990234293  0.00518518518  2.91398e+01  1.80339e-01  1.00000
55257.71703197256  0.01212962963  3.19775e+01  1.23517e-01  1.00000
55260.12536530590  0.33342592592  3.46683e+01  7.86815e-02  0.09720
55261.02008752812  0.18222222222  3.60827e+01  6.00689e-02  0.31758
55262.93471715775  0.00500000000  3.82313e+01  2.12330e-01  0.98148
55264.27258752812  0.00212962963  4.00783e+01  3.30013e-01  1.00000
55267.26286530589  0.47648148148  4.39137e+01  1.06276e-01  0.04722
55269.10101345404  0.46870370370  4.51961e+01  1.21931e-01  0.03753
55271.07740234293  0.50009259259  4.71774e+01  9.70587e-02  0.05795
55271.58693937997  0.00944444444  4.87709e+01  1.72870e-01  1.00000
55273.31240234293  0.50009259259  5.31759e+01  1.14614e-01  0.04684
55274.07749493553  0.26500000000  5.46034e+01  1.40859e-01  0.06010
55277.47795789849  0.00416666667  6.25531e+01  2.94753e-01  1.00000
55279.57147641700  0.00490740740  6.91334e+01  2.85526e-01  1.00000
55281.59212456516  0.00925925926  7.36995e+01  2.14621e-01  1.00000
55283.29934678737  0.14055555555  7.89281e+01  6.64255e-02  0.73650
55286.26249493552  0.48481481482  8.33871e+01  2.61868e-01  0.01451
55287.99258752812  0.40046296296  8.61464e+01  1.50408e-01  0.05503
55289.62888382441  0.01046296296  8.83378e+01  2.32655e-01  0.90265
55291.19740234294  0.47175925926  9.10948e+01  2.10903e-01  0.02512
55292.94119863923  0.16166666667  9.74595e+01  2.34256e-01  0.06357
55294.56990234293  0.44407407408  9.52706e+01  2.33726e-01  0.02273
55296.25573567626  0.00083333333  9.46876e+01  8.10896e-01  1.00000
55298.28842086145  0.41462962963  8.86601e+01  2.55326e-01  0.01898
55300.05638382441  0.28944444445  7.46641e+01  2.13893e-01  0.03263
55301.36295789848  0.43638888889  6.59276e+01  1.70948e-01  0.02992
55302.20147641700  0.00009259259  5.48635e+01  1.85175e+00  1.00000
55304.72351345404  0.00768518518  3.32175e+01  1.58155e-01  1.00000
55311.39184678737  0.00009259259  1.23602e+01  8.78928e-01  1.00000
55315.91379123182  0.21222222222  3.08053e+01  1.46262e-01  0.03927
55318.44906900960  0.00731481481  3.32436e+01  1.62174e-01  1.00000
55321.98212456515  0.25833333333  2.20910e+01  1.49229e-01  0.02222
55323.70814308367  0.49490740741  2.54884e+01  1.42911e-01  0.01459
55324.75666160219  0.49898148148  2.09065e+01  7.15831e-02  0.04732
55325.33453197256  0.07407407408  1.53946e+01  7.02437e-02  0.24375
55326.77703197256  0.49324074074  1.83900e+01  7.96878e-02  0.03398
55328.40962456515  0.00694444445  1.27667e+01  1.03145e-01  1.00000
55329.91351345404  0.39138888889  1.42915e+01  9.69656e-02  0.02247
55331.55212456515  0.00592592593  7.28888e+00  8.43685e-02  1.00000
55332.57008752812  0.00277777778  4.54937e+00  9.73543e-02  1.00000
55333.64638382441  0.00500000000  4.50237e+00  7.21878e-02  1.00000
55335.30564308367  0.10314814815  2.78232e+00  1.97017e-02  0.40215
55336.37462456516  0.01342592592  3.07921e+00  3.64314e-02  1.00000
55338.88906900960  0.37101851852  1.29173e+00  2.29208e-02  0.03843
55340.69795789849  0.41305555556  9.13696e-01  2.06360e-02  0.03026
55343.44156900959  0.00481481482  6.94117e-01  3.30707e-02  0.78846
55345.03314308367  0.17009259259  5.66270e-01  1.81269e-02  0.06424
55346.24249493553  0.00703703704  3.41072e-01  1.83782e-02  1.00000
55347.35582826886  0.00907407407  1.32224e+00  2.90391e-02  1.00000
55348.74962456516  0.00787037037  2.08937e+00  3.91957e-02  1.00000
55350.07018012070  0.09787037037  8.56835e-01  2.08673e-02  0.11637
55351.97693937997  0.28555555555  6.06492e-01  1.92013e-02  0.03534
55354.03703197256  0.25435185185  3.13203e-01  1.40990e-02  0.04587
55356.15249493552  0.41907407407  4.81707e-01  1.52249e-02  0.03093
55357.95592086145  0.46268518519  4.19994e-01  9.30794e-03  0.06984
55359.43888382441  0.49398148148  3.15466e-01  1.05719e-02  0.04105
55361.40045789849  0.42777777778  3.21880e-01  1.56123e-02  0.02143
55363.09712456515  0.43037037037  3.85893e-01  1.33593e-02  0.03270
55365.25666160219  0.29694444444  4.02862e-01  1.65000e-02  0.03336
55366.94934678738  0.43407407407  3.19189e-01  1.33781e-02  0.03072
55368.93916160219  0.39074074074  3.68992e-01  1.57441e-02  0.02701
55370.09814308367  0.00453703704  2.88328e-01  2.20365e-02  1.00000
55371.29990234293  0.00518518519  5.06053e-01  2.51346e-02  1.00000
55372.47555049108  0.00620370371  2.23544e-01  1.82832e-02  1.00000
55374.82814308367  0.39916666667  3.06018e-01  1.31797e-02  0.03340
55376.01027271331  0.00166666667  3.92759e-01  4.06848e-02  1.00000
55377.65758752811  0.49379629630  5.22317e-01  1.67403e-02  0.02306
55380.41305049108  0.43703703704  4.18997e-01  1.22646e-02  0.04089
55381.77545789849  0.48907407407  3.37653e-01  1.22257e-02  0.03351
55383.39545789848  0.00574074074  3.56018e-01  2.06400e-02  0.98387
55405.82480975034  0.00379629630  2.82370e-01  2.46347e-02  1.00000
55408.36953197256  0.00759259259  2.13241e-01  1.64514e-02  1.00000
55410.11305049108  0.00814814815  3.57519e-01  1.76046e-02  1.00000
55416.87147641700  0.00157407407  6.26702e-01  6.59704e-02  0.52941
55419.87777271330  0.00138888889  5.33462e-01  4.82630e-02  1.00000
55420.92453197256  0.00018518518  3.27934e-01  1.01232e-01  1.00000
55422.75129123182  0.00157407407  1.49787e-01  3.42508e-02  1.00000
55426.37406900960  0.43379629629  2.33924e-01  1.50384e-02  0.01964
55429.73934678738  0.00037037037  -1.04951e-01  7.48932e-02  1.00000
55431.05656900960  0.00296296296  3.19712e-01  2.98755e-02  1.00000
55432.57119863923  0.41148148148  2.18865e-01  1.74891e-02  0.01778
55433.73897641701  0.00462962963  2.24247e-01  2.13585e-02  1.00000
55436.75184678737  0.00287037037  4.61154e-01  3.23694e-02  1.00000
55440.19943937997  0.00509259259  3.32551e-01  2.17316e-02  1.00000
55442.86332826885  0.00416666667  4.51033e-01  2.75977e-02  1.00000
55445.38656900960  0.49314814815  2.81755e-01  1.53735e-02  0.01971
55448.81249493553  0.00481481482  3.03734e-01  2.27580e-02  0.98077
55450.64814308367  0.46750000000  3.84101e-01  1.69725e-02  0.01941
55453.27536530589  0.00842592593  6.48565e-01  2.15614e-02  1.00000
55454.86832826886  0.37398148148  2.97504e-01  1.25969e-02  0.03714
55457.11147641701  0.00453703704  3.41003e-01  2.28777e-02  1.00000
55458.16953197256  0.01074074074  4.38933e-01  1.63708e-02  1.00000
55460.24629123182  0.49175925926  3.22540e-01  2.57507e-02  0.00772
55461.64879123182  0.00425925926  2.92525e-01  2.46000e-02  1.00000
55463.15286530589  0.46037037037  2.77046e-01  1.63325e-02  0.01689
55464.52082826885  0.00722222222  6.10552e-01  2.23256e-02  1.00000
55466.24119863923  0.31277777778  3.94846e-01  1.34567e-02  0.04677
55467.66119863922  0.00351851852  2.55520e-01  2.56647e-02  1.00000
55469.19832826886  0.42398148148  4.33269e-01  2.83734e-02  0.00852
55470.68647641700  0.37120370370  3.76692e-01  1.54137e-02  0.03093
55472.42416160219  0.00777777778  3.66001e-01  1.87348e-02  1.00000
55475.56656900959  0.00555555556  2.78132e-01  2.06010e-02  0.80000
55476.93842086145  0.00648148148  3.30473e-01  1.92824e-02  1.00000
55478.74018012071  0.00564814814  2.91408e-01  2.04239e-02  1.00000
55479.98425419479  0.00824074074  1.50986e-01  1.47537e-02  1.00000
55481.57490234293  0.00148148148  4.11590e-01  4.12012e-02  1.00000
55482.88240234293  0.00731481481  7.42208e-02  1.53690e-02  1.00000
55485.42230975034  0.47703703704  1.70069e-01  1.14625e-02  0.02892
55487.42175419479  0.49833333333  1.74382e-01  1.14118e-02  0.03010
55489.61897641700  0.46037037037  2.33556e-01  1.21842e-02  0.02936
55490.98230975034  0.00888888889  3.11743e-01  1.60901e-02  1.00000
55492.09629123182  0.00953703704  3.64282e-01  1.60543e-02  1.00000
55494.56823567627  0.00481481482  2.72958e-01  2.21579e-02  1.00000
55497.83851345404  0.00731481481  1.80025e-01  1.59440e-02  0.98734
55499.86397641701  0.00703703703  3.21176e-01  1.80776e-02  1.00000
55500.91360604664  0.00555555556  1.72029e-01  1.97407e-02  1.00000
55501.96314308367  0.00509259259  3.19423e-01  2.19362e-02  1.00000
55503.00916160219  0.00777777778  2.97567e-01  1.78503e-02  1.00000
55504.04443937997  0.00490740741  1.61930e-01  1.95498e-02  1.00000
55505.69082826885  0.47611111111  2.08163e-01  1.26364e-02  0.02509
55507.76795789848  0.00527777778  2.24796e-01  1.96148e-02  1.00000
55508.81545789848  0.00722222222  3.45864e-01  1.79407e-02  1.00000
55510.13786530589  0.00518518518  2.52592e-01  2.15416e-02  1.00000
55511.73175419479  0.41759259259  2.85105e-01  1.36678e-02  0.02772
55514.82768012071  0.00888888889  3.35506e-01  1.64041e-02  1.00000
55516.30045789848  0.42518518518  2.42031e-01  1.32604e-02  0.02679
55517.91971715775  0.00722222222  2.44966e-01  1.71567e-02  1.00000
55519.91268012070  0.49500000000  2.00120e-01  1.37276e-02  0.02301
55522.35916160219  0.00407407407  2.81828e-01  2.27316e-02  1.00000
55523.77675419478  0.00796296296  2.20351e-01  1.65960e-02  1.00000
55525.66925419479  0.00583333333  3.61529e-01  2.08743e-02  0.98413
55559.59175419479  0.00444444444  2.19150e+00  5.34183e-02  1.00000
55561.05768012071  0.00407407407  2.69402e+00  6.18606e-02  1.00000
55563.14786530589  0.00425925926  2.19339e+00  5.45907e-02  1.00000
55565.82740234293  0.00305555556  2.96821e+00  7.49774e-02  1.00000
55567.91740234293  0.00342592593  4.22239e+00  8.44537e-02  1.00000
55573.47268012071  0.00111111111  4.20917e+00  1.48063e-01  1.00000
55574.88295789849  0.00601851852  3.40933e+00  5.72555e-02  1.00000
55576.86323567627  0.00833333334  3.77591e+00  5.12070e-02  1.00000
55578.88943937997  0.00805555556  3.71070e+00  5.16307e-02  1.00000
55580.62851345404  0.00768518519  4.15063e+00  5.62458e-02  0.98795
55582.71490234293  0.00314814815  3.74175e+00  8.29350e-02  1.00000
55584.37619863923  0.00166666666  4.03401e+00  1.18351e-01  1.00000
55586.42592086145  0.47824074074  4.07959e+00  4.72929e-02  0.02207
55587.37601345404  0.13018518519  3.52926e+00  6.33287e-02  0.03912
55588.88092086145  0.32953703704  3.12609e+00  5.28314e-02  0.01967
55590.44184678738  0.00342592593  3.33076e+00  7.50085e-02  1.00000
55591.62360604663  0.00759259259  3.39522e+00  5.08706e-02  1.00000
55593.12860604664  0.39425925926  3.30454e+00  3.73564e-02  0.03476
55594.90240234293  0.00712962963  4.53525e+00  6.06730e-02  1.00000
55597.26342086145  0.00555555556  5.87195e+00  7.82088e-02  1.00000
55598.67749493552  0.00814814815  5.39947e+00  6.19261e-02  1.00000
55601.89138382441  0.01037037037  6.52188e+00  6.03278e-02  1.00000
55604.44795789849  0.46009259260  6.61163e+00  5.72676e-02  0.02536
55607.33684678738  0.43861111111  5.80300e+00  5.00129e-02  0.03061
55609.84703197256  0.00712962963  4.59134e+00  6.10470e-02  1.00000
55611.61286530590  0.00833333334  3.57758e+00  4.98441e-02  1.00000
55613.72499493552  0.00379629630  2.75663e+00  6.48242e-02  1.00000
55615.46240234294  0.00490740741  2.50061e+00  5.43032e-02  1.00000
55617.07147641700  0.49287037037  2.05692e+00  3.03029e-02  0.02630
55626.56018012071  0.00231481482  1.05904e+00  5.14548e-02  1.00000
55628.67897641701  0.00888888889  1.02050e+00  2.58569e-02  1.00000
55630.25249493552  0.00407407407  1.06390e+00  3.88745e-02  1.00000
55632.07564308367  0.00703703704  9.76851e-01  2.83431e-02  1.00000
55634.09749493553  0.00259259259  8.35358e-01  4.31815e-02  1.00000
55636.21638382442  0.01425925926  7.47047e-01  2.96229e-02  0.35065
55639.13027271330  0.39740740741  5.82147e-01  1.42620e-02  0.04334
55646.30536530590  0.00712962963  3.31825e-01  1.87886e-02  1.00000
55649.65147641701  0.00361111111  3.11033e-01  2.48753e-02  1.00000
55656.29499493552  0.00398148148  2.26953e-01  2.31060e-02  0.97674
