58190.029109 58190.997211 1.194865 0.113691
58191.058553 58191.962442 1.123621 0.068091
58192.023935 58192.992060 1.237769 0.056138
58193.053507 58193.957234 1.146610 0.044957
58194.018681 58194.986782 1.175143 0.034731
58195.048264 58195.951910 1.166653 0.030956
58196.013414 58196.723993 1.109268 0.030610
58198.394086 58198.975949 1.094178 0.034238
58199.037465 58199.940995 1.105648 0.028718
58200.002627 58200.971377 1.071363 0.021559
58201.032951 58202.000278 1.061130 0.025452
58202.061655 58202.708287 1.109677 0.047290
58205.593993 58205.604398 1.142139 0.132072
58206.437303 58206.505162 1.067220 0.090429
58226.523090 58226.976852 0.971288 0.043213
58227.037836 58227.941944 0.991360 0.034559
58228.002975 58228.971134 1.010531 0.034057
58229.032558 58230.000694 1.005979 0.031076
58230.061979 58230.965718 1.011143 0.031345
58231.027164 58231.995000 1.004450 0.029433
58232.056447 58232.895648 1.023277 0.030847
58233.085845 58233.989329 1.058237 0.032112
58234.050822 58234.954282 1.012815 0.028113
58235.015845 58235.018565 1.140231 0.133982
58236.688449 58236.948588 0.997798 0.046500
58237.010104 58237.977940 0.957205 0.020096
58238.039456 58238.942975 1.004240 0.022467
58239.004444 58239.972361 0.993863 0.021231
58240.033877 58240.937407 0.980647 0.022340
58240.998843 58241.966944 0.980588 0.022079
58242.028287 58242.997083 0.957666 0.021438
58243.058032 58243.961528 0.904648 0.022795
58244.022674 58244.991181 0.938266 0.021670
58245.052187 58245.956412 0.946499 0.024622
58246.017407 58246.728715 0.939228 0.037500
58248.190775 58248.709375 0.960680 0.047528
58249.156308 58249.868171 0.960260 0.033722
58250.186192 58250.898218 0.980143 0.034012
58251.151817 58251.928380 0.944094 0.030823
58252.117627 58252.958565 0.948817 0.030150
58253.019155 58253.988704 0.990278 0.030154
58254.049248 58254.954352 0.969374 0.030885
58255.014919 58255.984560 0.909269 0.028172
58256.045012 58256.950093 0.975595 0.034080
58257.010752 58257.658056 0.980520 0.045298
58260.486771 58260.955220 0.958289 0.040748
58261.016956 58261.984884 0.937877 0.027858
58262.046100 58262.950104 1.012459 0.030816
58263.011377 58263.979745 0.979027 0.028066
58264.041088 58264.944907 0.994288 0.029262
58265.006343 58265.974433 0.986015 0.027500
58266.035880 58266.939583 0.997526 0.029714
58267.001076 58267.969039 0.979536 0.027357
58268.030671 58268.741088 0.953048 0.032386
58270.411262 58270.993148 0.935875 0.041858
58271.054618 58271.958194 0.966980 0.036077
58272.084062 58272.923449 1.014847 0.040597
58273.049433 58273.952870 0.975282 0.039819
58274.014410 58274.982523 1.031940 0.046040
58275.043854 58275.947731 0.998280 0.045615
58276.008947 58276.977153 0.942088 0.043171
58277.038484 58277.941713 0.928728 0.048818
58278.003484 58278.842500 1.015775 0.063912
58298.798669 58298.930463 0.880764 0.092807
58299.313113 58299.959977 0.885007 0.045891
58300.021817 58300.989375 0.892724 0.038589
58301.050660 58301.954722 0.859675 0.035434
58302.015961 58302.984120 0.857614 0.031069
58303.045498 58303.949236 0.796491 0.026472
58304.010683 58304.978681 0.630241 0.018195
58305.040266 58305.943750 0.369998 0.008626
58306.005243 58306.973056 0.283718 0.005891
58307.034711 58307.294653 0.226976 0.009192
58308.771817 58308.967593 0.183696 0.008778
58309.028160 58309.997431 0.183936 0.004796
58310.058854 58310.961933 0.167299 0.003630
58311.023461 58311.991447 0.152221 0.003170
58312.052905 58312.956678 0.152233 0.003222
58313.018102 58313.986273 0.158565 0.003262
58314.047627 58314.950949 0.161178 0.003504
58315.012141 58315.980521 0.152762 0.003158
58316.041597 58316.945880 0.147634 0.003286
58317.006852 58317.975972 0.156798 0.003580
58318.359282 58318.941250 0.150072 0.004085
58320.082697 58320.987315 0.148254 0.010088
58321.048252 58321.953218 0.157926 0.005456
58322.013808 58322.983102 0.148229 0.004358
58323.043785 58323.949051 0.139469 0.004378
58324.009456 58324.979236 0.151618 0.004278
58325.039641 58325.945231 0.143925 0.004182
58326.005683 58326.975417 0.133211 0.004004
58327.036007 58327.812569 0.128885 0.004478
58328.001933 58328.778356 0.126415 0.004555
58329.032280 58329.744120 0.128335 0.004980
58332.444537 58332.977465 0.118005 0.007415
58333.489792 58333.942847 0.130875 0.004779
58334.004803 58334.972708 0.126454 0.004134
58335.034780 58335.938183 0.122291 0.004146
58335.999514 58336.967836 0.117610 0.003852
58337.029271 58337.997650 0.121479 0.003872
58338.059549 58338.962963 0.131862 0.004106
58339.024525 58339.992546 0.125427 0.004023
58340.054074 58340.957859 0.114823 0.004173
58342.628275 58342.952801 0.122895 0.007926
58343.014387 58343.982500 0.119788 0.004758
58344.044086 58344.947870 0.115784 0.004900
58345.009340 58345.913102 0.122194 0.005539
58346.038924 58346.878495 0.113962 0.006159
58347.068576 58347.843912 0.108096 0.005727
58348.033900 58348.872963 0.110219 0.005973
58349.063553 58349.838241 0.107763 0.006491
58350.028900 58350.803634 0.099710 0.006753
58351.058715 58351.062153 0.111587 0.025166
58371.148785 58371.731412 0.083642 0.010485
58372.114178 58372.825347 0.106624 0.009342
58373.079502 58373.854861 0.089037 0.008081
58374.109225 58374.884421 0.093022 0.008652
58375.074433 58375.849630 0.081104 0.007839
58376.039734 58376.879144 0.077226 0.007720
58377.069271 58377.972986 0.073778 0.007347
58378.034502 58378.938079 0.088466 0.007843
58378.999664 58379.645880 0.097241 0.008944
58381.316123 58381.962419 0.100751 0.009007
58382.023912 58382.992060 0.110277 0.007364
58383.053600 58383.957407 0.182676 0.009034
58384.018877 58384.986389 0.254258 0.010041
58385.048519 58385.888160 0.289489 0.012133
58386.013854 58386.853623 0.320122 0.013607
58387.043588 58387.819051 0.398476 0.017107
58388.073391 58388.785000 0.492401 0.023738
58389.167894 58389.750486 0.693638 0.040114
58390.197662 58390.715671 0.729006 0.048637
58391.227523 58391.423206 0.850521 0.111442
58392.758021 58392.954745 0.684801 0.099410
58393.016146 58393.985116 0.896344 0.113581
58394.045729 58394.951019 0.931115 0.098786
58395.011539 58395.981111 0.827038 0.082341
58396.041632 58396.947060 1.059353 0.125427
58397.007535 58397.977269 1.187004 0.145525
58398.037905 58398.943287 1.094658 0.152955
58399.003785 58399.973495 1.052910 0.169061
58400.034109 58400.939352 1.018777 0.184042
58401.000012 58401.969444 0.896662 0.213263
58402.030266 58402.514306 0.869043 0.482220
58403.219965 58403.352199 1.441309 0.832581
58405.056088 58405.782072 0.679844 0.273315
58406.294062 58406.811921 0.875713 0.296137
58407.195197 58407.841713 1.184433 0.393176
58408.096933 58408.871470 1.355354 0.485131
58409.062315 58409.836840 0.902404 0.328552
