58190.029109 58190.997211 0.191568 0.013943
58191.058553 58191.962442 0.418523 0.019822
58192.023935 58192.992060 0.563279 0.020590
58193.053507 58193.957234 0.768946 0.024116
58194.018681 58194.986782 1.159242 0.027813
58195.048264 58195.951910 1.582585 0.034249
58196.013414 58196.723993 2.037218 0.045600
58198.394086 58198.975949 2.659102 0.067536
58199.037465 58199.940995 2.582978 0.054522
58200.002627 58200.971377 2.746827 0.044681
58201.032951 58202.000278 2.767044 0.053546
58202.061655 58202.708287 2.577289 0.089278
58205.593993 58205.604398 2.199169 0.208708
58206.437303 58206.505162 2.523213 0.174397
58226.523090 58226.976852 2.364733 0.083786
58227.037836 58227.941944 2.417749 0.067361
58228.002975 58228.971134 2.235137 0.060309
58229.032558 58230.000694 2.324571 0.057433
58230.061979 58230.965718 2.366031 0.058695
58231.027164 58231.995000 2.391981 0.055913
58232.056447 58232.895648 2.344638 0.056553
58233.085845 58233.989329 2.260038 0.055318
58234.050822 58234.954282 2.336315 0.051808
58235.015845 58235.018565 1.854667 0.177620
58236.688449 58236.948588 2.240729 0.083347
58237.010104 58237.977940 2.380586 0.039472
58238.039456 58238.942975 2.114568 0.037564
58239.004444 58239.972361 2.112080 0.035778
58240.033877 58240.937407 2.068529 0.037218
58240.998843 58241.966944 2.063535 0.036671
58242.028287 58242.997083 2.063135 0.036248
58243.058032 58243.961528 2.101659 0.041097
58244.022674 58244.991181 2.054739 0.037093
58245.052187 58245.956412 2.077935 0.042329
58246.017407 58246.728715 2.070269 0.064456
58248.190775 58248.709375 2.150242 0.090244
58249.156308 58249.868171 2.082827 0.061971
58250.186192 58250.898218 2.066362 0.060854
58251.151817 58251.928380 2.149018 0.059228
58252.117627 58252.958565 2.091389 0.056109
58253.019155 58253.988704 1.992891 0.051616
58254.049248 58254.954352 1.979575 0.053490
58255.014919 58255.984560 2.033267 0.052831
58256.045012 58256.950093 1.949793 0.057717
58257.010752 58257.658056 1.882068 0.073787
58260.486771 58260.955220 1.641996 0.054956
58261.016956 58261.984884 1.640339 0.037880
58262.046100 58262.950104 1.530844 0.036806
58263.011377 58263.979745 1.491196 0.033501
58264.041088 58264.944907 1.444914 0.033483
58265.006343 58265.974433 1.417923 0.031089
58266.035880 58266.939583 1.389781 0.032664
58267.001076 58267.969039 1.438377 0.031584
58268.030671 58268.741088 1.409469 0.037388
58270.411262 58270.993148 1.428555 0.049877
58271.054618 58271.958194 1.362859 0.039979
58272.084062 58272.923449 1.259767 0.040066
58273.049433 58273.952870 1.237951 0.040083
58274.014410 58274.982523 1.140581 0.040687
58275.043854 58275.947731 1.068240 0.038848
58276.008947 58276.977153 1.138679 0.041045
58277.038484 58277.941713 1.031699 0.042049
58278.003484 58278.842500 0.926536 0.045701
58298.798669 58298.930463 1.270486 0.102796
58299.313113 58299.959977 1.325766 0.052990
58300.021817 58300.989375 1.485773 0.049597
58301.050660 58301.954722 1.678869 0.053173
58302.015961 58302.984120 1.780945 0.049577
58303.045498 58303.949236 2.075392 0.052358
58304.010683 58304.978681 2.957840 0.061583
58305.040266 58305.943750 5.913692 0.085881
58306.005243 58306.973056 7.599158 0.090266
58307.034711 58307.294653 7.507163 0.160660
58308.771817 58308.967593 8.045599 0.186720
58309.028160 58309.997431 7.771352 0.098105
58310.058854 58310.961933 7.428008 0.073840
58311.023461 58311.991447 7.222324 0.065792
58312.052905 58312.956678 7.214755 0.066810
58313.018102 58313.986273 7.160473 0.065582
58314.047627 58314.950949 7.122038 0.069528
58315.012141 58315.980521 6.931840 0.062516
58316.041597 58316.945880 7.069205 0.067367
58317.006852 58317.975972 6.899312 0.069324
58318.359282 58318.941250 6.926674 0.080648
58320.082697 58320.987315 6.485653 0.224883
58321.048252 58321.953218 6.874266 0.124046
58322.013808 58322.983102 7.172667 0.107749
58323.043785 58323.949051 7.179534 0.111717
58324.009456 58324.979236 7.111122 0.103327
58325.039641 58325.945231 6.881778 0.101148
58326.005683 58326.975417 6.421029 0.093765
58327.036007 58327.812569 6.216637 0.102653
58328.001933 58328.778356 5.964638 0.101656
58329.032280 58329.744120 5.758328 0.105697
58332.444537 58332.977465 5.278854 0.129827
58333.489792 58333.942847 5.253108 0.074991
58334.004803 58334.972708 5.371475 0.068190
58335.034780 58335.938183 5.265667 0.068206
58335.999514 58336.967836 5.098939 0.062000
58337.029271 58337.997650 4.916159 0.059336
58338.059549 58338.962963 4.869105 0.060133
58339.024525 58339.992546 4.801100 0.058812
58340.054074 58340.957859 4.767521 0.063403
58342.628275 58342.952801 4.735843 0.116640
58343.014387 58343.982500 4.608744 0.070287
58344.044086 58344.947870 4.633998 0.073371
58345.009340 58345.913102 4.305326 0.074301
58346.038924 58346.878495 4.344594 0.085653
58347.068576 58347.843912 4.291322 0.079404
58348.033900 58348.872963 4.059698 0.076499
58349.063553 58349.838241 3.953002 0.080514
58350.028900 58350.803634 3.945790 0.083321
58351.058715 58351.062153 3.996195 0.309185
58371.148785 58371.731412 2.413884 0.075549
58372.114178 58372.825347 2.453024 0.066960
58373.079502 58373.854861 2.430336 0.062010
58374.109225 58374.884421 2.191442 0.057446
58375.074433 58375.849630 2.214794 0.056491
58376.039734 58376.879144 2.132874 0.052611
58377.069271 58377.972986 2.065578 0.051328
58378.034502 58378.938079 1.982514 0.048292
58378.999664 58379.645880 2.052932 0.056981
58381.316123 58381.962419 1.742952 0.043810
58382.023912 58382.992060 1.673376 0.032963
58383.053600 58383.957407 1.634852 0.032937
58384.018877 58384.986389 1.586714 0.030833
58385.048519 58385.888160 1.410164 0.030576
58386.013854 58386.853623 1.295548 0.029519
58387.043588 58387.819051 1.106592 0.027562
58388.073391 58388.785000 0.836725 0.024970
58389.167894 58389.750486 0.582656 0.022995
58390.197662 58390.715671 0.493581 0.022485
58391.227523 58391.423206 0.405020 0.037171
58392.758021 58392.954745 0.490092 0.053106
58393.016146 58393.985116 0.346158 0.034878
58394.045729 58394.951019 0.292902 0.024997
58395.011539 58395.981111 0.298035 0.023105
58396.041632 58396.947060 0.215152 0.020759
58397.007535 58397.977269 0.165281 0.016760
58398.037905 58398.943287 0.144327 0.016112
58399.003785 58399.973495 0.119009 0.014971
58400.034109 58400.939352 0.114156 0.015526
58401.000012 58401.969444 0.089823 0.015054
58402.030266 58402.514306 0.089523 0.033245
58403.219965 58403.352199 0.070033 0.028919
58405.056088 58405.782072 0.053940 0.010283
58406.294062 58406.811921 0.048424 0.009633
58407.195197 58407.841713 0.038187 0.008635
58408.096933 58408.871470 0.028338 0.007185
58409.062315 58409.836840 0.035561 0.007417
