56060.059653 56060.190868 -0.018224 0.015017
56061.922882 56061.989954 -0.026285 0.014368
56062.051412 56062.953681 0.002165 0.007033
56063.015127 56063.982789 0.006151 0.007248
56064.044282 56064.882211 -0.002531 0.006850
56065.007199 56065.973669 -0.005914 0.004887
56066.034988 56066.937407 -0.008308 0.004882
56066.998681 56067.965394 -0.006582 0.005163
56068.026597 56068.993495 -0.006233 0.004866
56069.054468 56069.957292 -0.000718 0.005607
56070.018148 56070.664074 -0.010678 0.006345
56072.716736 56072.977720 -0.005859 0.009863
56073.037847 56073.941956 -0.000191 0.005919
56074.002060 56074.970845 -0.001055 0.007050
56075.030718 56075.149919 -0.018573 0.012461
56076.109815 56076.243206 -0.001095 0.019500
56077.138704 56077.658252 -0.020543 0.010638
56078.103449 56078.880405 0.086604 0.014151
56079.068194 56079.909641 0.202483 0.018909
56080.033565 56080.938970 0.351442 0.022783
56080.998704 56081.967975 0.563828 0.027436
56082.027245 56082.996817 0.973375 0.036336
56083.184977 56083.960961 1.379944 0.047106
56084.342616 56084.924850 1.863663 0.062514
56085.371574 56085.889549 2.111121 0.070976
56086.464560 56086.739711 2.798700 0.146787
56087.057755 56087.639549 2.654254 0.101313
56089.564329 56089.953275 2.639721 0.061707
56090.014109 56090.981400 2.770389 0.042910
56091.042396 56091.945197 2.691945 0.042550
56092.006354 56092.973252 2.606235 0.039218
56093.034444 56094.001308 2.515040 0.037792
56094.062616 56094.965035 2.533969 0.039740
56095.026377 56095.992986 2.453476 0.038505
56096.054387 56096.956644 2.295345 0.039306
56097.018090 56097.984560 2.237750 0.038596
56098.046042 56098.113067 2.183941 0.138548
56099.845741 56099.976887 2.147532 0.111502
56100.038333 56100.941030 1.989568 0.052117
56101.002477 56101.969479 1.924985 0.049354
56102.030926 56102.997419 1.899930 0.051400
56103.059352 56103.897326 1.751604 0.052203
56104.280625 56104.797211 1.671696 0.059852
56105.244792 56105.568623 1.680624 0.074671
56106.209005 56106.468484 1.629452 0.082456
56107.237523 56107.803796 1.210343 0.053126
56110.186840 56110.889965 0.957482 0.028965
56111.143831 56111.918831 0.919874 0.026401
56112.107963 56112.497569 0.821912 0.046388
56120.017303 56120.984213 0.604678 0.059563
56121.046019 56121.113981 0.614708 0.055996
56122.074630 56122.078194 0.518067 0.073971
56123.311701 56123.315023 0.528526 0.115881
56124.275822 56124.407569 0.706291 0.072266
56125.191192 56125.435556 0.692617 0.062493
56126.267975 56126.464005 0.669301 0.059672
56127.297164 56127.557454 0.705541 0.053740
56128.262025 56128.779259 0.650245 0.038038
56129.291123 56129.872870 0.619444 0.034737
56130.255891 56130.966458 0.689136 0.034025
56131.220775 56131.930787 0.607042 0.030375
56132.058530 56132.445370 0.499525 0.037940
56134.179016 56134.953530 0.465169 0.021005
56135.015590 56135.982789 0.400414 0.017477
56136.108530 56136.882917 0.366576 0.017657
56137.073102 56137.976146 0.326322 0.015294
56138.037928 56138.940856 0.279486 0.014474
56139.002280 56139.969861 0.275044 0.013312
56140.031134 56140.998796 0.287555 0.017026
56141.061632 56141.963391 0.294524 0.015435
56142.024282 56142.863738 0.310905 0.015471
56144.725289 56144.985486 0.191919 0.023661
56145.239711 56145.950787 0.203808 0.015100
56146.204502 56146.966690 0.174298 0.013813
56147.298206 56147.996389 0.202459 0.016352
56148.057373 56148.961829 0.155732 0.020449
56149.021354 56149.991644 0.200609 0.023603
56150.050984 56150.957106 0.160108 0.018556
56151.016308 56151.987014 0.206546 0.018001
56152.046238 56152.952384 0.160306 0.017145
56153.011701 56153.981227 0.198711 0.018271
56154.041516 56154.818495 0.174888 0.019008
56155.007373 56155.784815 0.158682 0.018738
56156.102604 56156.686898 0.161494 0.020223
56157.197743 56157.652500 0.156938 0.023973
56158.292766 56158.954977 0.127543 0.024580
56159.466840 56159.727569 0.149607 0.027084
56161.591319 56161.982002 0.112509 0.014479
56162.043715 56162.949815 0.102856 0.010213
56163.010995 56163.982072 0.118395 0.009965
56164.043414 56164.949815 0.097169 0.009453
56165.011227 56165.981933 0.106871 0.009125
56166.043461 56166.949595 0.099892 0.009333
56167.011157 56167.981725 0.088624 0.008984
56168.043310 56168.949329 0.089698 0.009360
56169.010949 56169.916887 0.064871 0.009135
56170.043056 56170.303900 0.074588 0.019039
56171.913738 56171.916551 0.150831 0.053549
56172.107234 56172.884074 0.046779 0.011595
56173.074757 56173.851620 0.040189 0.010148
56174.106794 56174.818588 0.018633 0.009410
56175.074294 56175.721620 0.018377 0.010255
56176.041817 56176.624606 0.049833 0.012945
56177.073854 56177.334213 0.013168 0.016149
56178.041424 56178.237917 0.027287 0.018714
56179.008947 56179.577130 0.012761 0.012718
56180.041076 56180.609294 0.037875 0.009152
56181.073206 56181.641528 0.033637 0.009343
56182.025775 56182.996146 0.054454 0.009644
56183.056991 56183.963854 0.064136 0.009611
56184.024757 56184.609340 0.087659 0.012247
56192.803796 56193.000706 0.223483 0.025493
56193.771910 56193.904583 0.181411 0.029203
56194.804502 56194.872350 0.105067 0.032055
56195.836725 56195.840012 0.128000 0.050618
56196.111238 56196.178935 0.143432 0.054455
56197.078738 56197.211088 0.256840 0.047422
56198.111076 56198.243171 0.310486 0.049212
56199.078299 56199.274769 0.231846 0.037377
56200.045683 56200.242199 0.202054 0.034316
56201.077674 56201.596551 0.226995 0.028343
56202.045081 56202.563843 0.201001 0.021620
56203.012396 56203.789144 0.179895 0.017212
56204.044201 56204.756412 0.172877 0.018030
56206.559086 56206.755417 0.174122 0.029426
56207.010475 56207.980613 0.146502 0.011719
56208.042153 56208.947824 0.163374 0.012383
56209.009387 56209.979456 0.169804 0.011497
56210.040995 56210.946863 0.144025 0.010795
56211.008380 56211.978576 0.163057 0.010697
56212.040023 56212.945914 0.146171 0.010686
56213.007164 56213.977616 0.146510 0.010095
56214.038785 56214.944954 0.121846 0.010037
56215.006053 56215.396412 0.114560 0.015687
56217.327303 56217.975069 0.105449 0.013286
56218.036725 56218.749745 0.127961 0.012404
56219.699664 56219.768519 0.072787 0.045638
56220.358831 56220.865509 0.088237 0.014440
56221.261887 56221.962500 0.067444 0.019593
56222.023461 56222.995139 0.097300 0.017858
56223.054826 56223.963148 0.077917 0.013725
56224.022743 56224.995440 0.071257 0.012733
56225.055197 56225.964028 0.058984 0.011303
56226.023484 56226.996412 0.069088 0.012392
56227.056007 56227.964120 0.074359 0.013749
56228.023877 56228.996088 0.041783 0.013388
56229.055984 56229.962338 0.051889 0.015319
56230.023646 56230.479144 0.026682 0.015617
56231.120081 56231.718935 0.052779 0.017454
56234.165949 56234.814201 0.035042 0.008584
56235.069190 56235.845741 0.030603 0.007268
56236.036192 56236.877141 0.028297 0.006529
56237.003785 56237.973009 0.018329 0.006213
56238.034352 56238.939919 0.024074 0.006347
56239.001389 56239.971250 0.029319 0.006441
56240.032801 56240.938171 0.023114 0.006722
56240.999734 56241.969502 0.025726 0.007107
56242.031146 56242.936192 0.020770 0.007406
56244.609525 56244.999005 0.014363 0.012956
56245.060706 56245.965856 0.015561 0.008933
56246.027604 56246.997222 0.026328 0.008591
56247.058877 56247.964005 0.023560 0.010098
56248.025683 56248.995440 0.011631 0.008308
56249.056956 56249.963102 0.014313 0.010145
56250.024086 56250.993866 0.036081 0.015203
56251.055289 56251.960764 0.017580 0.016177
56252.007743 56252.976863 0.023785 0.011092
56253.038519 56253.943819 0.017266 0.008351
56254.004838 56254.975347 0.039555 0.008012
56255.036215 56255.942361 0.015431 0.007646
56256.003113 56256.200312 0.008396 0.013899
56261.870231 56261.938738 0.026215 0.016665
56261.999178 56262.970440 0.018695 0.006413
56263.030833 56264.001042 0.013955 0.006289
56264.062465 56264.903241 0.023334 0.008776
56265.609850 56265.806030 0.020416 0.011690
56266.576736 56266.708808 0.043011 0.018573
56267.608067 56267.675475 0.033652 0.020010
56268.639363 56268.642141 -0.009611 0.030379
56270.910961 56270.978681 0.068728 0.030011
56271.039942 56271.945023 0.040442 0.019831
56272.006331 56272.975764 0.067434 0.019121
56273.037234 56273.941597 0.021500 0.016281
56274.003137 56274.972361 0.069368 0.013122
56275.033970 56275.938727 0.042790 0.010876
56276.000289 56276.904861 0.037678 0.009535
56277.031007 56277.420255 0.037332 0.013556
56279.092662 56279.997384 0.041048 0.008600
56280.059363 56280.963808 0.037624 0.007138
56281.025394 56281.994560 0.040746 0.007023
56282.056296 56282.960845 0.031595 0.006655
56283.022384 56283.991725 0.049562 0.007379
56284.053160 56284.958218 0.052187 0.007404
56285.019595 56285.989363 0.054670 0.007135
56286.050602 56286.956030 0.052539 0.007506
56287.017153 56287.858322 0.057941 0.008200
56289.788160 56289.985394 0.042371 0.014484
56290.045891 56290.952384 0.052899 0.009328
56291.012650 56291.983866 0.052837 0.009792
56292.043970 56292.950069 0.047506 0.010795
56293.010984 56293.710787 0.050567 0.012363
56294.545104 56295.000625 0.071530 0.017037
56295.061678 56295.065185 0.046614 0.047792
56300.155428 56300.997870 0.059369 0.014245
56301.058252 56301.965231 0.049632 0.014551
56302.025475 56302.931875 0.062388 0.017549
56303.250521 56303.526852 0.018392 0.024690
56304.104016 56304.557940 0.049598 0.010794
56306.939213 56306.942234 -0.008446 0.021029
56307.003287 56307.973183 0.015052 0.006208
56308.034352 56308.939618 0.011420 0.006478
56309.000486 56309.970544 -0.101325 0.007758
56310.031910 56310.937060 1.318229 0.030914
56310.998519 56311.967963 0.917036 0.023659
56312.029456 56312.998785 -0.478780 0.016206
56313.060347 56313.965243 -0.008716 0.005562
56314.026840 56314.996053 -0.004115 0.005435
56315.057674 56315.511389 -0.003565 0.009058
56317.183808 56317.959676 0.013015 0.008418
56318.021262 56318.990532 0.013824 0.007641
56319.052118 56319.956944 0.015644 0.008941
56320.018507 56320.987778 0.007604 0.009004
56321.049248 56321.954190 -0.004522 0.010697
56322.015567 56322.920093 -0.000997 0.009871
56323.626377 56323.822731 0.000862 0.015826
56324.657211 56324.838345 0.010414 0.013669
56325.157859 56325.998229 0.008119 0.009614
56326.059942 56326.964850 0.010742 0.007932
56327.025764 56327.995926 0.004491 0.006099
56328.056956 56328.898125 -0.010741 0.006786
