55091.031921 55091.994479 2.435901 0.325567
55092.000035 55092.964086 1.827809 0.198164
55093.017882 55093.983009 1.105273 0.068716
55094.022222 55095.001620 0.909216 0.052437
55095.040833 55095.956100 0.812802 0.073771
55095.996030 55096.004769 1.461402 0.733617
55098.366551 55098.943715 0.450010 0.146619
55099.320000 55099.960081 0.655136 0.145641
55100.209931 55100.976308 0.654815 0.111055
55101.162708 55101.992558 0.709322 0.106624
55102.115949 55102.945174 1.045184 0.158512
55103.004606 55103.961238 0.945276 0.112303
55104.020810 55104.596238 0.823377 0.169917
55106.561308 55106.945220 0.769342 0.175074
55107.005937 55107.961516 0.643148 0.095788
55108.021991 55108.977500 0.938185 0.115609
55109.038009 55109.993414 1.122601 0.155923
55110.054005 55110.818912 1.061133 0.148705
55111.006458 55111.961632 1.074776 0.144778
55112.022384 55112.786863 1.112395 0.162570
55113.482778 55113.993530 1.358215 1.686011
55114.054236 55114.500775 1.678099 0.502937
55115.006609 55115.061047 1.098496 0.463983
55116.911806 55116.978067 0.708344 0.309642
55117.038866 55117.994016 0.954360 0.259621
55118.054745 55118.995135 0.831927 0.108519
55119.007199 55119.962512 0.976282 0.114982
55120.008248 55120.963522 0.766607 0.084290
55121.024167 55121.979502 0.937123 0.097447
55122.039838 55122.995166 1.104467 0.111101
55123.055779 55123.947666 0.878162 0.091587
55124.008210 55124.963684 0.834532 0.077320
55125.024167 55125.979695 1.049911 0.090575
55126.040123 55126.995613 1.230350 0.209617
55127.056103 55127.948075 0.641696 0.099227
55128.008588 55128.964109 -1.000898 -1.061919
55129.024491 55129.980050 4.424148 2.256888
55130.040455 55130.995945 1.528145 0.329312
55131.056312 55131.948275 1.269632 0.217028
55132.262631 55132.265552 1.435231 0.455684
55133.659275 55133.852766 1.391723 0.416672
55134.611659 55134.867982 1.135542 0.200754
55135.626790 55135.820181 1.901213 0.804163
55136.578858 55136.772195 2.221127 0.901197
55137.594329 55137.724155 2.081463 0.689798
55138.609753 55138.944873 1.939182 0.579096
55139.625093 55139.960081 1.851524 0.646195
55140.845625 55140.975289 -4.786948 -7.711249
55141.860810 55141.990428 2.587542 1.013335
55142.051829 55142.053854 40.238823 508.193914
55143.954352 55143.957106 -4.530419 -5.395891
55144.017778 55144.972118 -16.515505 -66.124872
55145.032766 55145.987083 -14.208897 -33.324920
55146.047894 55146.938553 163.182969 5426.846409
55146.999155 55147.953935 11.154645 16.156742
55148.014456 55148.968866 4.962606 3.483377
55149.029329 55149.983750 2.462728 0.750844
55150.044086 55150.808380 1.289193 0.240299
55151.249294 55151.950150 1.726991 0.330349
55152.264213 55152.521042 1.559752 0.387265
55160.446829 55160.831678 0.725722 0.161911
55161.512431 55161.975660 1.281074 0.167908
55162.032616 55162.482951 0.912811 0.117622
55166.173889 55166.984398 1.222457 0.155022
55167.232465 55167.301412 1.507347 0.322677
55169.152523 55169.728715 1.049862 0.085080
55170.041528 55170.743924 1.318059 0.104972
55171.057269 55171.695729 1.373639 0.119912
55192.670093 55192.989394 1.294873 0.124267
55193.050617 55193.940891 1.116238 0.070499
55194.001883 55194.955938 1.050914 0.056946
55195.016628 55195.970984 1.034451 0.054984
55196.031404 55196.985860 1.163581 0.062007
55197.046142 55198.000706 1.131581 0.054877
55198.060949 55198.952103 1.159096 0.062230
55199.012392 55199.966917 1.115407 0.055591
55200.027137 55200.981671 1.197781 0.066824
55201.041937 55201.996393 1.144896 0.062357
55202.056667 55202.947596 1.115166 0.062216
55203.008002 55203.961346 1.101594 0.079845
55204.403117 55204.722265 1.060725 0.099273
55205.417785 55205.610945 1.062251 0.115527
55206.432330 55206.562010 0.918447 0.104750
55207.383395 55207.513144 1.250747 0.162265
55208.397809 55208.732581 1.067543 0.150717
55209.412176 55209.746910 1.103828 0.174912
55210.695023 55210.824572 1.389569 0.345533
55211.645880 55211.838785 1.045317 0.178703
55214.624884 55214.944549 0.816193 0.082263
55215.638912 55215.958634 0.755789 0.068284
55216.020000 55216.972674 0.481231 0.036723
55217.033426 55217.986944 0.345017 0.019100
55218.047419 55219.001053 0.151166 0.011498
55219.061458 55219.952002 0.145398 0.010597
55220.012338 55220.966979 0.160189 0.010226
55221.027234 55221.982465 0.123581 0.009880
55222.042512 55222.363241 0.036654 0.013907
55223.946204 55223.950035 0.159829 0.045034
55224.009699 55224.965590 0.060320 0.011164
55225.024907 55225.981192 0.086072 0.011447
55226.040139 55226.996887 0.100244 0.010918
55227.055370 55227.949178 0.040973 0.010232
55228.007083 55228.965104 0.009764 0.010397
55229.022361 55229.981493 0.032610 0.010509
55230.037778 55230.998137 0.048581 0.011196
55231.053148 55231.949410 0.088853 0.011724
55232.005278 55232.329965 0.075998 0.018139
55236.699340 55236.959514 0.067926 0.016315
55237.017280 55238.003160 0.018876 0.012056
55238.059630 55238.955289 0.002998 0.013641
55239.012847 55239.971586 -0.028046 -0.021703
55240.029491 55240.923576 0.046951 0.031545
55247.063345 55247.955162 -0.014197 -0.016701
55248.015463 55248.971887 -0.028197 -0.016419
55249.032396 55249.988588 -0.008753 -0.017531
55250.049201 55250.941782 -0.068678 -0.019973
55251.002419 55251.958461 -0.039403 -0.020048
55252.019167 55252.975208 -0.053320 -0.022731
55253.035903 55253.991863 -0.035493 -0.024464
55254.052616 55254.245359 -0.033940 -0.046546
55256.530856 55256.787859 -0.125612 -0.054696
55257.547569 55257.980301 -0.168092 -0.052511
55258.041829 55258.997118 -0.184559 -0.029429
55259.058086 55259.950336 -0.238441 -0.030465
55260.011073 55260.967195 -0.178514 -0.024006
55261.027847 55261.984016 -0.234012 -0.027586
55262.044668 55263.000845 -0.212851 -0.024579
55263.061481 55263.954171 -0.267631 -0.030229
55264.014730 55264.970968 -0.216669 -0.027105
55265.031574 55265.987975 -0.276445 -0.026812
55266.048465 55266.941269 -0.314925 -0.032197
55267.001775 55267.958191 -0.282918 -0.029570
55268.018627 55268.975073 -0.309929 -0.032681
55269.035502 55269.991840 -0.402306 -0.041454
55270.052292 55270.945228 -0.466367 -0.051502
55271.005710 55271.961408 -0.406593 -0.052116
55272.022438 55272.914186 -0.429744 -0.059508
55273.230023 55273.803615 -0.576800 -0.078725
55274.246142 55274.566015 -0.549147 -0.092815
55275.199198 55275.455953 -0.528318 -0.110780
55276.215687 55276.408746 -0.481497 -0.125980
55277.232130 55277.361516 -1.021441 -0.288760
55278.184961 55278.520521 -0.736834 -0.214205
55279.201281 55279.600336 -1.052374 -0.478602
55280.217855 55280.616863 -2.124734 -2.246154
55281.503472 55281.633345 -0.680180 -0.286069
55284.489051 55284.682442 -0.111995 -0.445512
55285.441817 55285.698738 -32.320387 -668.609331
55286.458067 55286.969086 -2.033286 -0.907482
55287.410752 55287.985289 -1.812777 -2.016072
55288.046736 55289.001458 -0.760631 -0.330305
55289.062477 55289.954109 -1.517382 -1.042253
55290.014676 55290.970521 1.300386 2.233299
55291.030810 55291.986655 -0.543178 -1.242820
55292.046771 55292.558241 -1.865133 -2.980860
55303.532211 55303.541713 0.494075 0.218294
55306.393866 55306.973171 4.652296 13.220857
55307.030012 55307.544236 -1.276193 -3.962024
55308.702662 55308.958160 -0.237594 -0.555178
55309.016667 55309.974340 0.538128 0.240293
55310.032222 55310.991493 0.654218 0.260969
55311.049861 55311.944942 0.670754 0.207614
55312.003727 55312.961794 1.281048 0.417317
55313.020995 55313.978646 0.843226 0.164067
55314.038125 55314.359965 0.833314 0.268351
55315.944977 55315.948553 0.381870 0.630156
55316.008808 55316.965185 0.805925 0.161356
55317.025417 55317.981667 1.317734 0.268834
55318.041979 55318.998299 1.015874 0.223303
55319.058762 55319.951331 1.948249 0.612816
55320.011898 55320.967928 1.675847 0.470402
55321.028600 55321.984560 1.266022 0.243857
55322.045266 55323.001181 1.040512 0.227463
55323.061910 55323.954213 0.653883 0.183040
55324.014965 55324.526030 -2.112587 -2.709778
55326.365833 55326.622072 1.092098 0.354142
55327.318889 55327.942303 1.076997 0.206688
55328.335463 55328.958924 1.002731 0.166259
55329.352176 55329.975521 0.809618 0.127179
55330.305185 55330.992103 1.068352 0.177107
55331.307500 55331.945204 0.689248 0.079274
55332.006458 55332.580706 0.997884 0.182467
55333.288877 55333.418252 0.806785 0.241690
55334.242118 55334.577488 0.902526 0.258043
55335.527807 55335.657471 0.723697 0.178035
55336.544155 55336.737911 0.573251 0.119374
55337.560666 55337.754392 0.524541 0.092363
55338.577622 55338.962043 0.538488 0.067923
55339.023304 55339.888106 0.591142 0.066676
55340.075440 55340.904672 0.711803 0.050732
55341.092083 55341.857118 0.667379 0.051904
55342.045147 55342.746246 0.557256 0.047276
55343.061466 55343.571709 0.694667 0.069082
55344.077623 55344.333723 0.702344 0.089929
55345.030255 55345.286848 0.721452 0.091596
55346.046242 55346.239279 0.704204 0.093852
55346.998835 55347.191725 0.537974 0.098435
55348.014745 55348.350035 0.751580 0.119277
55349.030417 55349.365799 0.680820 0.156356
55350.315231 55350.444965 0.506390 0.153830
55351.267407 55351.460590 0.679252 0.206525
55352.283241 55352.349595 2.045520 1.989669
55354.445104 55354.937865 0.832849 0.369820
55355.271690 55355.783333 0.654943 0.125290
55356.225845 55356.801134 0.817071 0.118497
55357.243611 55357.882523 0.607825 0.085294
55358.197708 55358.963877 0.808387 0.107896
55359.025336 55359.981620 0.858302 0.107017
55360.169421 55360.999410 0.547066 0.090949
55361.187095 55361.953576 0.803178 0.130174
55362.141111 55362.780521 0.682591 0.168018
55364.367083 55364.752535 0.481261 0.145609
55365.004491 55365.961331 1.025084 0.145743
55366.021620 55366.979340 1.140636 0.157226
55367.038264 55367.997535 1.310466 0.153745
55368.055903 55368.952188 0.954654 0.164406
55369.009954 55369.970752 1.435883 0.201120
55370.027778 55370.989549 1.928328 0.390016
55371.236481 55371.996088 1.586341 0.225279
55372.053854 55372.834687 2.444128 0.942946
55375.906597 55375.939201 0.114907 0.221051
55376.257708 55376.839491 1.080530 0.197207
55377.341412 55377.792963 1.546257 0.684689
55378.885995 55378.954225 0.540906 0.475051
55379.013056 55379.972280 0.988623 0.270087
55380.030185 55380.990266 0.859053 0.126234
55381.048750 55381.944387 0.879779 0.148143
55382.003403 55382.962164 0.885163 0.127726
55383.021481 55383.979757 0.978912 0.103926
55384.039421 55384.488530 0.684529 0.155859
55386.075000 55386.968727 0.941885 0.138115
55387.029005 55387.986204 1.164991 0.160822
55388.046655 55388.940069 1.105600 0.143067
55389.000613 55389.957500 1.067063 0.129640
55390.018102 55390.974907 0.974342 0.143393
55391.035602 55391.992350 1.043139 0.139563
55392.243843 55392.946030 0.983959 0.134948
55393.006944 55393.963275 0.884755 0.120189
55394.215799 55394.664097 1.153278 0.248048
55397.143333 55397.400729 0.949327 0.311920
55398.161667 55398.722288 1.086922 0.172242
55399.116296 55399.740575 1.127205 0.160514
55400.134583 55400.758908 1.191104 0.159088
55401.138808 55401.777272 1.060107 0.147830
55402.093437 55402.795644 0.997418 0.115368
55403.047662 55403.814070 1.007086 0.119810
55404.002870 55404.832558 0.745681 0.072111
55405.020455 55405.978368 0.947762 0.085388
55406.038912 55406.996902 0.672122 0.060195
55407.057407 55407.951755 0.781234 0.065457
55408.012222 55408.970274 0.710315 0.051927
55409.030741 55409.988738 0.744749 0.051018
55410.049252 55410.943445 0.729717 0.056118
55411.003943 55411.961871 0.744181 0.060206
55412.022377 55412.980251 0.718193 0.054806
55413.040802 55413.998630 0.986133 0.086624
55414.059144 55414.953221 0.861262 0.099671
55415.013819 55415.971424 0.673431 0.095768
55416.032083 55416.989579 0.786813 0.129221
55417.813866 55417.944047 0.879123 0.182510
55418.148009 55418.898461 1.024972 0.226221
55419.102523 55419.852357 0.851742 0.226880
55420.119722 55420.249711 0.360977 0.222428
55421.137616 55421.203970 0.961771 0.412023
55422.091759 55422.285428 0.854536 0.236735
55425.081435 55425.338681 1.080963 0.192982
55426.099144 55426.610799 0.664146 0.090138
55427.053241 55427.565174 0.700209 0.125214
55428.071366 55428.710625 0.867743 0.112165
55429.025822 55429.983356 0.753980 0.096221
55430.043889 55431.001505 0.808761 0.108734
55431.061979 55431.956030 0.985798 0.131504
55432.016343 55432.974259 0.660810 0.126726
55433.034398 55433.228808 0.572553 0.332639
55434.879954 55434.947049 1.438562 0.829847
55435.006713 55435.965359 0.813785 0.120371
55436.024676 55436.983646 1.114290 0.174272
55437.042708 55437.556632 1.230592 0.319671
55441.740775 55441.744606 0.839064 0.588828
55447.030035 55447.546898 0.832469 0.257376
55448.113727 55448.246435 2.162966 2.216454
55449.403333 55449.917535 0.796679 0.160947
55450.357350 55450.935845 0.872677 0.145296
55451.250278 55451.954028 1.276316 0.190503
55452.204572 55452.972037 1.252346 0.132747
55453.032674 55453.989977 1.224150 0.123225
55454.050845 55454.753553 1.058545 0.138906
55456.404807 55456.981100 1.357771 0.206330
55457.041335 55457.999001 1.098945 0.116518
55458.059738 55458.953191 1.164818 0.133141
55459.014429 55459.971246 1.024548 0.130059
55460.032716 55460.989649 1.065178 0.124127
55461.051003 55461.817581 1.173710 0.168238
55462.005586 55462.835721 0.886632 0.132744
55463.023974 55463.980829 1.047048 0.180087
55464.042122 55464.999032 1.022276 0.163000
55466.968843 55466.971678 46.331519 614.465524
55467.032500 55467.989734 0.660472 0.187891
55468.050625 55468.944294 0.613023 0.213802
55469.005093 55469.962465 1.015769 0.150676
55470.023218 55470.980660 1.069101 0.148112
55471.026304 55471.998785 1.251218 0.142548
55472.044406 55472.938206 1.068989 0.124803
55472.998943 55473.956454 0.943336 0.104321
55474.017106 55474.974641 1.104794 0.112603
55475.035270 55475.992921 0.732126 0.072818
55476.053465 55476.947488 0.822530 0.066084
55477.008009 55477.965745 0.707914 0.051052
55478.026227 55478.951771 0.719786 0.052977
55479.044738 55479.938823 0.766183 0.055623
55479.999259 55480.956979 0.781721 0.070871
55481.017400 55481.974857 0.812170 0.067689
55482.035556 55482.993229 0.825863 0.065954
55483.053665 55483.947404 1.001850 0.102166
55484.008117 55484.964857 0.735028 0.064234
55485.662392 55485.856277 0.924865 0.117447
55486.616682 55486.810552 0.738108 0.093163
55487.634560 55487.764695 0.662360 0.104145
55488.652338 55488.988414 0.796571 0.154457
55489.606497 55489.942442 0.830888 0.145060
55490.003796 55490.960266 0.590548 0.146735
55491.021505 55491.978113 0.690886 0.164044
55492.038866 55492.995637 0.463887 0.154182
55493.056690 55493.059248 0.456546 0.366466
55494.901150 55494.967512 0.256954 0.216209
55495.028326 55495.985143 0.691519 0.104084
55496.045918 55496.939209 0.654087 0.095129
55496.999969 55497.956825 1.106799 0.110557
55498.017531 55498.974433 0.765901 0.073284
55499.035085 55499.991755 0.910804 0.075845
