56581.178183 56581.697176 0.044078 0.011327
56582.275370 56582.974676 -0.040478 0.026147
56583.036539 56583.943009 -0.020465 0.036124
56584.003877 56584.975880 0.003764 0.020575
56585.036725 56585.944236 -0.026227 0.022405
56586.005058 56586.977153 -0.009795 0.019320
56587.037951 56587.880856 0.060124 0.021670
56588.006285 56588.978310 0.137187 0.021559
56589.039109 56589.946713 0.161398 0.022160
56590.007512 56590.979653 0.239365 0.024551
56591.040613 56591.948032 0.288349 0.027742
56592.009039 56592.464468 0.312232 0.033800
56593.300984 56593.368600 0.356755 0.051819
56594.397569 56594.981285 0.374323 0.055732
56595.043032 56595.706377 0.255795 0.020533
56596.075718 56596.739016 0.149910 0.015235
56597.188391 56597.771655 0.166394 0.015437
56598.156331 56598.804144 0.180070 0.015033
56599.123808 56599.836563 0.227850 0.015852
56600.091748 56600.997963 0.234248 0.015475
56601.059641 56601.836748 0.371008 0.019209
56602.027488 56602.997986 0.384527 0.018174
56603.124375 56603.320660 0.391714 0.043688
56604.995104 56604.997917 0.411425 0.090031
56605.059618 56605.965579 0.357986 0.023438
56606.027419 56606.997824 0.418036 0.024064
56607.059456 56607.965417 0.324752 0.022406
56608.027049 56608.997593 0.349511 0.022238
56609.059155 56609.965324 0.302582 0.023802
56610.026863 56610.997523 0.304385 0.022617
56611.058831 56611.965208 0.295716 0.024855
56612.026817 56612.997407 0.260944 0.025155
56613.058993 56613.512917 0.287531 0.032383
56637.319178 56637.967014 0.296330 0.029232
56638.028484 56638.998796 0.275834 0.023208
56639.060336 56639.966227 0.290059 0.022561
56640.027882 56640.998519 0.216527 0.020199
56641.060150 56641.966273 0.206566 0.020050
56642.027928 56642.740417 0.233892 0.021307
56644.415000 56644.998437 0.195393 0.019487
56645.060127 56645.966123 0.202017 0.014402
56646.028009 56646.998322 0.176158 0.013181
56647.059977 56647.966100 0.192364 0.014165
56648.027639 56648.998264 0.152150 0.012966
56649.059803 56649.966030 0.169223 0.013482
56650.027477 56650.998287 0.139062 0.011920
56651.059757 56651.966204 0.155539 0.014161
56652.027477 56652.998600 0.149825 0.013812
56653.059803 56653.514259 0.171173 0.017428
56654.027639 56654.482593 0.114182 0.016225
56655.060081 56655.062569 0.071556 0.049294
56656.529896 56656.985394 0.113607 0.032699
56657.046377 56657.953565 0.050678 0.025507
56658.014363 56658.986273 0.098777 0.024930
56659.047766 56659.244444 0.094008 0.043956
56662.790567 56662.987176 0.418646 0.055971
56663.048831 56663.955856 0.284964 0.026081
56664.016748 56664.084977 0.208099 0.057812
56667.049653 56667.955509 0.345423 0.029818
56668.017488 56668.858634 0.217333 0.023256
56669.064931 56669.584005 0.128812 0.014021
56670.032199 56670.938345 0.099441 0.012354
56670.999850 56671.970347 0.099303 0.011888
56672.031910 56672.937836 0.082352 0.011734
56672.999444 56673.969769 0.081557 0.011268
56674.031412 56674.936771 0.073416 0.011243
56674.998866 56675.969514 0.087854 0.012125
56676.031238 56676.034028 0.104231 0.053309
56677.708808 56677.969676 0.136687 0.031176
56678.031377 56678.937431 0.083521 0.015867
56678.999225 56679.969676 0.086425 0.015090
56680.031400 56680.937569 0.094072 0.016080
56680.999132 56681.969815 0.077339 0.014979
56682.031354 56682.872894 0.068309 0.015304
56683.063600 56683.970046 0.050703 0.015934
56684.031331 56684.937685 0.040272 0.014745
56684.999016 56685.970417 0.058797 0.015025
56686.031493 56686.228310 0.041611 0.029321
56691.919988 56691.923403 0.226307 0.079623
56692.887002 56692.956551 0.299423 0.059284
56693.984850 56693.990347 0.316382 0.085804
56694.050312 56694.119074 0.251382 0.054597
56706.944618 56706.947060 -0.090314 0.049797
56707.009109 56707.978912 0.066933 0.019200
56708.041030 56708.946250 0.061521 0.016650
56709.008391 56709.978102 0.059090 0.016039
56710.040197 56710.945440 0.039398 0.015687
56711.007442 56711.977407 0.056036 0.014785
56712.039225 56712.944769 0.048945 0.014969
56713.006400 56713.976319 0.031950 0.014048
56714.037998 56714.943449 0.053001 0.013801
56715.005127 56715.330208 0.061252 0.020196
56717.003692 56717.973495 0.008966 0.009114
56718.035162 56718.940556 0.019807 0.008956
56719.002211 56719.972025 0.023719 0.008732
56720.033715 56720.939155 0.026591 0.009851
56721.000648 56721.970648 0.040068 0.009652
56722.032072 56722.937674 0.041779 0.010273
56722.999086 56723.969248 0.047743 0.009358
56724.030521 56725.000845 0.014112 0.008874
56725.062014 56725.967975 0.008936 0.010844
56726.029074 56726.935012 0.041231 0.012610
56727.060463 56727.257176 0.035051 0.017954
56729.366979 56729.951296 -0.030242 0.026340
56730.077766 56730.983611 0.051266 0.022353
56731.044525 56731.951296 0.039337 0.021922
56732.011979 56732.983287 0.053525 0.019934
56733.044479 56733.951366 0.107674 0.021338
56734.012049 56734.983611 0.133598 0.020522
56735.044363 56735.951366 0.119295 0.020017
56736.012141 56736.660949 0.169561 0.024528
56739.688958 56739.950243 0.246942 0.041214
56740.011481 56740.981968 0.200871 0.020344
56741.043287 56741.787153 0.071423 0.020908
56742.026863 56742.997106 0.030437 0.035860
56743.058530 56743.962523 0.066178 0.016537
56744.025174 56744.994514 0.044275 0.011443
56745.055984 56745.961887 0.033631 0.011274
56746.023484 56746.993727 0.045224 0.010050
56747.055324 56747.960995 0.056041 0.011481
56748.022685 56748.670301 0.077786 0.014633
56750.408623 56750.991597 0.027882 0.015043
56751.053391 56751.959167 0.038445 0.013267
56752.020799 56752.990995 0.044014 0.013189
56753.052581 56753.959213 0.036969 0.010122
56754.020671 56754.990706 0.026843 0.008194
56755.052211 56755.958090 0.035596 0.009778
56756.019479 56756.990417 0.029100 0.009243
56757.051563 56757.247546 0.038482 0.017149
56779.512720 56779.967685 0.011149 0.023936
